0,1,2,3
13013,2022-02-27 07:01:10.856992,52.501855,13.316879
13391,2022-02-27 07:01:10.856992,52.528143,13.392144
13008,2022-02-27 07:01:10.856992,52.492096,13.451308
13503,2022-02-27 07:01:10.856992,52.521414,13.485667
13022,2022-02-27 07:01:10.856992,52.519586,13.421872
13291,2022-02-27 07:01:10.856992,52.498169,13.436177
13601,2022-02-27 07:01:10.856992,52.531871,13.342972
14575,2022-02-27 07:01:10.856992,52.529268,13.387696
13732,2022-02-27 07:01:10.856992,52.47048,13.441514
13055,2022-02-27 07:01:10.856992,52.470486,13.442489
13204,2022-02-27 07:01:10.856992,52.528398,13.468713
13101,2022-02-27 07:01:10.856992,52.500584,13.366287
13928,2022-02-27 07:01:10.856992,52.51589,13.402768
13679,2022-02-27 07:01:10.856992,52.526211,13.403606
13951,2022-02-27 07:01:10.856992,52.500584,13.366287
14446,2022-02-27 07:01:10.856992,52.484776,13.43105
13659,2022-02-27 07:01:10.856992,52.50655,13.371926
13534,2022-02-27 07:01:10.856992,52.529268,13.387696
14450,2022-02-27 07:01:10.856992,52.501996,13.421192
15114,2022-02-27 07:01:10.856992,52.529278,13.387693
14945,2022-02-27 07:01:10.856992,52.526796,13.411078
13697,2022-02-27 07:01:10.856992,52.501991,13.416296
15022,2022-02-27 07:01:10.856992,52.50681,13.289327
14857,2022-02-27 07:01:10.856992,52.52969,13.45723
15173,2022-02-27 07:01:10.856992,52.528616,13.383575
14804,2022-02-27 07:01:10.856992,52.499648,13.382499
14785,2022-02-27 07:01:10.856992,52.50442,13.434614
15884,2022-02-27 07:01:10.856992,52.528422,13.383131
16019,2022-02-27 07:01:10.856992,52.506713,13.29322
15214,2022-02-27 07:01:10.856992,52.504466,13.434643
16075,2022-02-27 07:01:10.856992,52.515824,13.402785
15320,2022-02-27 07:01:10.856992,52.513688,13.406205
13721,2022-02-27 07:01:10.856992,52.526142,13.403502
15915,2022-02-27 07:01:10.856992,52.515779,13.402832
15343,2022-02-27 07:01:10.856992,52.515824,13.402785
16310,2022-02-27 07:01:10.856992,52.470475,13.442492
14041,2022-02-27 07:01:10.856992,52.524273,13.339583
14353,2022-02-27 07:01:10.856992,52.513001,13.403951
19988,2022-02-27 07:01:10.856992,52.521182,13.309776
13566,2022-02-27 07:01:10.856992,52.510099,13.307273
14029,2022-02-27 07:01:10.856992,52.505689,13.386357
14820,2022-02-27 07:01:10.856992,52.50502,13.439838
15059,2022-02-27 07:01:10.856992,52.503751,13.291298
16024,2022-02-27 07:01:10.856992,52.502507,13.324154
16051,2022-02-27 07:01:10.856992,52.508243,13.332507
15174,2022-02-27 07:01:10.856992,52.480093,13.351993
13339,2022-02-27 07:01:10.856992,52.479984,13.351905
13242,2022-02-27 07:01:10.856992,52.503456,13.469741
14286,2022-02-27 07:01:10.856992,52.967277,13.42528
14645,2022-02-27 07:01:10.856992,52.49468,13.299443
14830,2022-02-27 07:01:10.856992,52.496439,13.299733
13454,2022-02-27 07:01:10.856992,52.49411,13.304867
16234,2022-02-27 07:01:10.856992,52.52077,13.431025
13719,2022-02-27 07:01:10.856992,52.51297,13.283676
13011,2022-02-27 07:01:10.856992,52.518621,13.480186
14082,2022-02-27 07:01:10.856992,52.520231,13.399645
13772,2022-02-27 07:01:10.856992,52.480221,13.340751
14109,2022-02-27 07:01:10.856992,52.507978,13.308037
14063,2022-02-27 07:01:10.856992,52.495323,13.347756
14517,2022-02-27 07:01:10.856992,52.490469,13.321273
14246,2022-02-27 07:01:10.856992,52.515872,13.451591
14893,2022-02-27 07:01:10.856992,52.480041,13.320521
16069,2022-02-27 07:01:10.856992,52.523451,13.332263
14544,2022-02-27 07:01:10.856992,52.512848,13.440095
15167,2022-02-27 07:01:10.856992,52.516334,13.40458
14952,2022-02-27 07:01:10.856992,52.495925,13.305267
14048,2022-02-27 07:01:10.856992,52.530966,13.402652
15145,2022-02-27 07:01:10.856992,52.494576,13.300682
14260,2022-02-27 07:01:10.856992,52.508019,13.372787
16132,2022-02-27 07:01:10.856992,52.503279,13.315404
15904,2022-02-27 07:01:10.856992,52.506428,13.313822
14769,2022-02-27 07:01:10.856992,52.505691,13.442789
14762,2022-02-27 07:01:10.856992,52.497434,13.292305
14825,2022-02-27 07:01:10.856992,52.504341,13.404416
13093,2022-02-27 07:01:10.856992,52.51576,13.40743
13415,2022-02-27 07:01:10.856992,52.515753,13.407341
13060,2022-02-27 07:01:10.856992,52.502779,13.378776
15293,2022-02-27 07:01:10.856992,52.50934,13.376744
13525,2022-02-27 07:01:10.856992,52.517937,13.384688
16301,2022-02-27 07:01:10.856992,52.505076,13.449604
13429,2022-02-27 07:01:10.856992,52.502005,13.434545
15061,2022-02-27 07:01:10.856992,52.502358,13.369596
13618,2022-02-27 07:01:10.856992,52.511914,13.469176
16189,2022-02-27 07:01:10.856992,52.513721,13.387434
15021,2022-02-27 07:01:10.856992,52.502771,13.320674
15054,2022-02-27 07:01:10.856992,52.506547,13.305781
13141,2022-02-27 07:01:10.856992,52.508953,13.377006
13632,2022-02-27 07:01:10.856992,52.514943,13.287886
14979,2022-02-27 07:01:10.856992,52.508935,13.461133
13102,2022-02-27 07:01:10.856992,52.475143,13.45478
14703,2022-02-27 07:01:10.856992,52.504501,13.317392
13071,2022-02-27 07:01:10.856992,52.487959,13.426966
13587,2022-02-27 07:01:10.856992,52.539433,13.300894
13387,2022-02-27 07:01:10.856992,52.522642,13.409567
14887,2022-02-27 07:01:10.856992,52.508775,13.309469
13381,2022-02-27 07:01:10.856992,52.485856,13.391128
15356,2022-02-27 07:01:10.856992,52.495008,13.304828
15031,2022-02-27 07:01:10.856992,52.484686,13.431012
13614,2022-02-27 07:01:10.856992,52.504395,13.442238
13438,2022-02-27 07:01:10.856992,52.512578,13.403055
13684,2022-02-27 07:01:10.856992,52.536649,13.370409
15807,2022-02-27 07:01:10.856992,53.484562,14.52195
13766,2022-02-27 07:01:10.856992,52.483072,13.441806
13485,2022-02-27 07:01:10.856992,52.523998,13.382273
13563,2022-02-27 07:01:10.856992,52.541073,13.432043
13755,2022-02-27 07:01:10.856992,52.525214,13.499511
14816,2022-02-27 07:01:10.856992,52.534948,13.365487
16177,2022-02-27 07:01:10.856992,52.48253,13.376001
14955,2022-02-27 07:01:10.856992,52.50084,13.414326
14960,2022-02-27 07:01:10.856992,52.491346,13.386452
14189,2022-02-27 07:01:10.856992,52.513428,13.288047
13290,2022-02-27 07:01:10.856992,52.486992,13.408038
14012,2022-02-27 07:01:10.856992,52.496661,13.40547
13183,2022-02-27 07:01:10.856992,52.520264,13.3995
16123,2022-02-27 07:01:10.856992,52.52527,13.379162
15017,2022-02-27 07:01:10.856992,52.482849,13.333175
15387,2022-02-27 07:01:10.856992,52.519873,13.380819
16074,2022-02-27 07:01:10.856992,52.494121,13.417788
15062,2022-02-27 07:01:10.856992,52.466934,13.309435
14445,2022-02-27 07:01:10.856992,52.51097,13.49979
13497,2022-02-27 07:01:10.856992,52.517936,13.457362
13118,2022-02-27 07:01:10.856992,52.516683,13.381128
13142,2022-02-27 07:01:10.856992,52.507436,13.46892
14981,2022-02-27 07:01:10.856992,52.50274,13.39396
16279,2022-02-27 07:01:10.856992,52.51527,13.405075
19964,2022-02-27 07:01:10.856992,52.489353,13.426561
16031,2022-02-27 07:01:10.856992,52.491362,13.346986
13488,2022-02-27 07:01:10.856992,52.481483,13.439715
16104,2022-02-27 07:01:10.856992,52.512736,13.423812
15093,2022-02-27 07:01:10.856992,52.506383,13.30981
14244,2022-02-27 07:01:10.856992,52.505388,13.347655
15919,2022-02-27 07:01:10.856992,52.529453,13.407452
14040,2022-02-27 07:01:10.856992,52.519399,13.393179
15228,2022-02-27 07:01:10.856992,52.522232,13.288124
16250,2022-02-27 07:01:10.856992,52.508701,13.347814
13529,2022-02-27 07:01:10.856992,52.475217,13.366419
13799,2022-02-27 07:01:10.856992,52.504596,13.352706
13348,2022-02-27 07:01:10.856992,52.49532,13.301242
15307,2022-02-27 07:01:10.856992,52.472197,13.314206
15268,2022-02-27 07:01:10.856992,52.503311,13.420839
15883,2022-02-27 07:01:10.856992,52.497232,13.342316
14342,2022-02-27 07:01:10.856992,52.509704,13.329334
15094,2022-02-27 07:01:10.856992,52.513795,13.377452
14777,2022-02-27 07:01:10.856992,52.49145,13.32858
14639,2022-02-27 07:01:10.856992,52.528951,13.408195
15937,2022-02-27 07:01:10.856992,52.507843,13.387578
15315,2022-02-27 07:01:10.856992,52.501944,13.360077
13567,2022-02-27 07:01:10.856992,52.495285,13.383937
13544,2022-02-27 07:01:10.856992,52.508243,13.392701
14536,2022-02-27 07:01:10.856992,52.532306,13.313261
14472,2022-02-27 07:01:10.856992,52.504703,13.317237
14592,2022-02-27 07:01:10.856992,52.521916,13.401906
14754,2022-02-27 07:01:10.856992,52.534669,13.424399
15071,2022-02-27 07:01:10.856992,52.505556,13.364024
15156,2022-02-27 07:01:10.856992,52.492942,13.425611
13068,2022-02-27 07:01:10.856992,52.50994,13.436084
14327,2022-02-27 07:01:10.856992,52.487925,13.426941
14474,2022-02-27 07:01:10.856992,52.512695,13.404413
14908,2022-02-27 07:01:10.856992,52.479858,13.33248
14320,2022-02-27 07:01:10.856992,52.50454,13.390048
15005,2022-02-27 07:01:10.856992,52.504111,13.345917
18583,2022-02-27 07:01:10.856992,52.516013,13.465188
13064,2022-02-27 07:01:10.856992,52.523109,13.377569
13455,2022-02-27 07:01:10.856992,52.510282,13.377682
14968,2022-02-27 07:01:10.856992,52.517985,13.37823
19994,2022-02-27 07:01:10.856992,52.505888,13.333606
13815,2022-02-27 07:01:10.856992,52.506931,13.305554
14629,2022-02-27 07:01:10.856992,52.506942,13.449679
18892,2022-02-27 07:01:10.856992,52.526196,13.379176
13253,2022-02-27 07:01:10.856992,52.484474,13.431158
15361,2022-02-27 07:01:10.856992,52.501165,13.477164
13785,2022-02-27 07:01:10.856992,52.509172,13.379003
14915,2022-02-27 07:01:10.856992,52.509352,13.378998
18619,2022-02-27 07:01:10.856992,52.51472,13.384444
13551,2022-02-27 07:01:10.856992,52.473548,13.448132
14266,2022-02-27 07:01:10.856992,52.537389,13.426685
18985,2022-02-27 07:01:10.856992,52.510778,13.436741
16432,2022-02-27 07:01:10.856992,52.50104,13.417369
13542,2022-02-27 07:01:10.856992,52.500026,13.322808
13916,2022-02-27 07:01:10.856992,52.504617,13.334459
13251,2022-02-27 07:01:10.856992,52.552688,13.37619
16187,2022-02-27 07:01:10.856992,52.521213,13.404108
14790,2022-02-27 07:01:10.856992,52.504817,13.334348
14809,2022-02-27 07:01:10.856992,52.503096,13.328791
13579,2022-02-27 07:01:10.856992,52.506793,13.333188
17583,2022-02-27 07:01:10.856992,52.520502,13.401227
13194,2022-02-27 07:01:10.856992,52.504214,13.415881
16174,2022-02-27 07:01:10.856992,52.503723,13.303549
15368,2022-02-27 07:01:10.856992,52.510627,13.395903
13519,2022-02-27 07:01:10.856992,52.499086,13.424711
15216,2022-02-27 07:01:10.856992,52.52332,13.33978
13344,2022-02-27 07:01:10.856992,52.509875,13.447649
14944,2022-02-27 07:01:10.856992,52.503565,13.4963
17944,2022-02-27 07:01:10.856992,52.4858,13.355501
13960,2022-02-27 07:01:10.856992,52.516494,13.382473
13220,2022-02-27 07:01:10.856992,52.49522,13.419369
17192,2022-02-27 07:01:10.856992,52.50012,13.463542
18406,2022-02-27 07:01:10.856992,52.506578,13.285246
15233,2022-02-27 07:01:10.856992,52.49802,13.391616
19055,2022-02-27 07:01:10.856992,52.49816,13.36026
13243,2022-02-27 07:01:10.856992,52.44372,13.315284
13047,2022-02-27 07:01:10.856992,52.493878,13.435878
14975,2022-02-27 07:01:10.856992,52.492584,13.388783
16770,2022-02-27 07:01:10.856992,52.522791,13.440527
15852,2022-02-27 07:01:10.856992,52.507705,13.372827
13499,2022-02-27 07:01:10.856992,52.517054,13.341952
13083,2022-02-27 07:01:10.856992,52.502104,13.409597
19046,2022-02-27 07:01:10.856992,52.496573,13.411324
13258,2022-02-27 07:01:10.856992,52.547389,13.399367
13995,2022-02-27 07:01:10.856992,52.499443,13.354165
14588,2022-02-27 07:01:10.856992,52.507848,13.305973
13371,2022-02-27 07:01:10.856992,52.497791,13.436723
14779,2022-02-27 07:01:10.856992,52.514381,13.395618
16181,2022-02-27 07:01:10.856992,52.483083,13.441574
13977,2022-02-27 07:01:10.856992,52.492286,13.423526
13465,2022-02-27 07:01:10.856992,52.510441,13.390958
14002,2022-02-27 07:01:10.856992,52.498172,13.296902
13057,2022-02-27 07:01:10.856992,52.493772,13.421007
16721,2022-02-27 07:01:10.856992,52.491018,13.35669
16749,2022-02-27 07:01:10.856992,52.523707,13.419389
17754,2022-02-27 07:01:10.856992,52.491267,13.390729
14803,2022-02-27 07:01:10.856992,52.520614,13.493056
14045,2022-02-27 07:01:10.856992,52.496279,13.423577
14970,2022-02-27 07:01:10.856992,52.506156,13.330357
14608,2022-02-27 07:01:10.856992,52.509505,13.373306
14964,2022-02-27 07:01:10.856992,52.487215,13.315491
13347,2022-02-27 07:01:10.856992,52.529809,13.319293
14836,2022-02-27 07:01:10.856992,52.489292,13.39589
14990,2022-02-27 07:01:10.856992,52.504417,13.468428
16662,2022-02-27 07:01:10.856992,52.49544,13.389762
14744,2022-02-27 07:01:10.856992,52.519322,13.409061
13941,2022-02-27 07:01:10.856992,52.467414,13.431618
15253,2022-02-27 07:01:10.856992,52.553228,13.570023
14312,2022-02-27 07:01:10.856992,52.513289,13.438727
16752,2022-02-27 07:01:10.856992,52.507689,13.319483
19168,2022-02-27 07:01:10.856992,52.527387,13.415599
16834,2022-02-27 07:01:10.856992,52.513493,13.38187
13245,2022-02-27 07:01:10.856992,52.485476,13.442843
17951,2022-02-27 07:01:10.856992,52.495751,13.433673
16361,2022-02-27 07:01:10.856992,52.494568,13.418643
16213,2022-02-27 07:01:10.856992,52.485628,13.362782
14531,2022-02-27 07:01:10.856992,52.498205,13.437972
13222,2022-02-27 07:01:10.856992,52.517327,13.431464
13234,2022-02-27 07:01:10.856992,52.497806,13.360867
14916,2022-02-27 07:01:10.856992,52.533789,13.426797
14368,2022-02-27 07:01:10.856992,52.493266,13.424571
17316,2022-02-27 07:01:10.856992,52.502333,13.297253
13857,2022-02-27 07:01:10.856992,52.519034,13.31591
14410,2022-02-27 07:01:10.856992,52.492342,13.424067
14092,2022-02-27 07:01:10.856992,52.492378,13.431102
18368,2022-02-27 07:01:10.856992,52.511396,13.377757
18706,2022-02-27 07:01:10.856992,52.511516,13.40012
17314,2022-02-27 07:01:10.856992,52.502889,13.401943
14188,2022-02-27 07:01:10.856992,52.50899,13.376036
19108,2022-02-27 07:01:10.856992,52.474978,13.44754
17691,2022-02-27 07:01:10.856992,52.504698,13.341199
16764,2022-02-27 07:01:10.856992,52.54288,13.425122
13757,2022-02-27 07:01:10.856992,52.500665,13.40838
14009,2022-02-27 07:01:10.856992,52.426702,13.481044
15314,2022-02-27 07:01:10.856992,52.510707,13.436626
15140,2022-02-27 07:01:10.856992,52.501821,13.409622
16043,2022-02-27 07:01:10.856992,52.520636,13.569307
13337,2022-02-27 07:01:10.856992,52.47969,13.454275
16032,2022-02-27 07:01:10.856992,52.480178,13.382691
13015,2022-02-27 07:01:10.856992,52.53326,13.432978
16014,2022-02-27 07:01:10.856992,52.484135,13.438681
14943,2022-02-27 07:01:10.856992,52.523515,13.402543
14631,2022-02-27 07:01:10.856992,52.498291,13.31856
13620,2022-02-27 07:01:10.856992,52.483867,13.447136
13647,2022-02-27 07:01:10.856992,52.522751,13.381895
13448,2022-02-27 07:01:10.856992,52.497696,13.447918
14300,2022-02-27 07:01:10.856992,52.505793,13.320951
14566,2022-02-27 07:01:10.856992,52.4979,13.431278
13198,2022-02-27 07:01:10.856992,52.508352,13.258626
14458,2022-02-27 07:01:10.856992,52.492407,13.418165
18451,2022-02-27 07:01:10.856992,52.490187,13.425472
13909,2022-02-27 07:01:10.856992,52.516662,13.309495
15961,2022-02-27 07:01:10.856992,52.506658,13.468308
13440,2022-02-27 07:01:10.856992,52.473143,13.450003
13289,2022-02-27 07:01:10.856992,52.539039,13.407975
15065,2022-02-27 07:01:10.856992,52.511359,13.401207
14828,2022-02-27 07:01:10.856992,52.559275,13.379132
18028,2022-02-27 07:01:10.856992,52.499258,13.431077
13594,2022-02-27 07:01:10.856992,52.518124,13.437271
16277,2022-02-27 07:01:10.856992,52.553624,13.399318
14891,2022-02-27 07:01:10.856992,52.49151,13.457793
14696,2022-02-27 07:01:10.856992,52.514736,13.442688
16114,2022-02-27 07:01:10.856992,52.490312,13.442717
14919,2022-02-27 07:01:10.856992,52.50672,13.410191
13964,2022-02-27 07:01:10.856992,52.475257,13.44738
13458,2022-02-27 07:01:10.856992,53.490077,13.351947
13244,2022-02-27 07:01:10.856992,52.543104,13.338949
16351,2022-02-27 07:01:10.856992,52.510824,13.295013
13461,2022-02-27 07:01:10.856992,52.524018,13.415226
18216,2022-02-27 07:01:10.856992,52.500862,13.408472
13385,2022-02-27 07:01:10.856992,52.530057,13.381206
13603,2022-02-27 07:01:10.856992,52.501878,13.409505
15824,2022-02-27 07:01:10.856992,52.480739,13.324341
14788,2022-02-27 07:01:10.856992,52.507879,13.4672
14324,2022-02-27 07:01:10.856992,52.522245,13.376212
16314,2022-02-27 07:01:10.856992,52.510545,13.310708
17469,2022-02-27 07:01:10.856992,52.526627,13.380589
17560,2022-02-27 07:01:10.856992,52.495489,13.29326
13431,2022-02-27 07:01:10.856992,52.499348,13.387323
13714,2022-02-27 07:01:10.856992,52.486676,13.386029
14556,2022-02-27 07:01:10.856992,52.502422,13.369717
13037,2022-02-27 07:01:10.856992,52.523677,13.378079
13205,2022-02-27 07:01:10.856992,52.520001,13.337674
14249,2022-02-27 07:01:10.856992,52.518206,13.451047
16180,2022-02-27 07:01:10.856992,52.51718,13.437697
13264,2022-02-27 07:01:10.856992,52.518685,13.420444
19130,2022-02-27 07:01:10.856992,52.514453,13.474613
13081,2022-02-27 07:01:10.856992,52.511866,13.448478
13179,2022-02-27 07:01:10.856992,52.505706,13.33409
14395,2022-02-27 07:01:10.856992,52.500742,13.414993
14929,2022-02-27 07:01:10.856992,52.499697,13.296424
14982,2022-02-27 07:01:10.856992,52.509982,13.399026
16018,2022-02-27 07:01:10.856992,52.497981,13.435857
16245,2022-02-27 07:01:10.856992,52.506872,13.391573
16151,2022-02-27 07:01:10.856992,52.500395,13.433965
14147,2022-02-27 07:01:10.856992,52.508687,13.441561
13463,2022-02-27 07:01:10.856992,52.518836,13.364924
13077,2022-02-27 07:01:10.856992,52.517778,13.415887
14669,2022-02-27 07:01:10.856992,52.497006,13.425551
14173,2022-02-27 07:01:10.856992,52.502025,13.428854
14435,2022-02-27 07:01:10.856992,52.512814,13.297447
14027,2022-02-27 07:01:10.856992,52.502813,13.438725
15243,2022-02-27 07:01:10.856992,52.4922,13.389742
15893,2022-02-27 07:01:10.856992,52.507585,13.304255
14680,2022-02-27 07:01:10.856992,52.49624,13.421112
16063,2022-02-27 07:01:10.856992,52.535782,13.417292
13484,2022-02-27 07:01:10.856992,52.52461,13.363979
16071,2022-02-27 07:01:10.856992,52.532202,13.341554
14720,2022-02-27 07:01:10.856992,52.481034,13.422457
16121,2022-02-27 07:01:10.856992,52.510428,13.378355
14974,2022-02-27 07:01:10.856992,52.518198,13.304415
16454,2022-02-27 07:01:10.856992,52.548884,13.404779
13272,2022-02-27 07:01:10.856992,52.491206,13.392588
15236,2022-02-27 07:01:10.856992,52.485652,13.423892
14506,2022-02-27 07:01:10.856992,52.530706,13.342681
15938,2022-02-27 07:01:10.856992,52.494465,13.380834
13954,2022-02-27 07:01:10.856992,52.508619,13.350181
18586,2022-02-27 07:01:10.856992,52.50096,13.381879
17038,2022-02-27 07:01:10.856992,52.512516,13.411247
14514,2022-02-27 07:01:10.856992,52.525943,13.447811
13410,2022-02-27 07:01:10.856992,52.540371,13.390627
14461,2022-02-27 07:01:10.856992,52.47989,13.371418
18993,2022-02-27 07:01:10.856992,52.516733,13.381264
13190,2022-02-27 07:01:10.856992,52.502784,13.468002
15922,2022-02-27 07:01:10.856992,52.429615,13.467793
15232,2022-02-27 07:01:10.856992,52.502409,13.340925
13589,2022-02-27 07:01:10.856992,52.490076,13.336325
14340,2022-02-27 07:01:10.856992,52.504342,13.387174
15960,2022-02-27 07:01:10.856992,52.503007,13.287663
13486,2022-02-27 07:01:10.856992,52.523026,13.384312
13020,2022-02-27 07:01:10.856992,52.482277,13.433198
15857,2022-02-27 07:01:10.856992,52.513027,13.462211
14880,2022-02-27 07:01:10.856992,52.524229,13.440953
15861,2022-02-27 07:01:10.856992,52.534669,13.398059
15308,2022-02-27 07:01:10.856992,52.49374,13.44033
13750,2022-02-27 07:01:10.856992,52.542655,13.359475
14807,2022-02-27 07:01:10.856992,52.516391,13.38131
13702,2022-02-27 07:01:10.856992,52.497979,13.450073
13058,2022-02-27 07:01:10.856992,52.495524,13.366908
14308,2022-02-27 07:01:10.856992,52.516351,13.381288
13639,2022-02-27 07:01:10.856992,52.472879,13.450286
16056,2022-02-27 07:01:10.856992,52.525304,13.415154
16083,2022-02-27 07:01:10.856992,52.509765,13.383615
15278,2022-02-27 07:01:10.856992,52.492121,13.390827
15912,2022-02-27 07:01:10.856992,52.478339,13.438949
14545,2022-02-27 07:01:10.856992,52.486681,13.437596
16804,2022-02-27 07:01:10.856992,52.541756,13.36902
13737,2022-02-27 07:01:10.856992,52.539298,13.384298
13352,2022-02-27 07:01:10.856992,52.542518,13.419538
13715,2022-02-27 07:01:10.856992,52.500665,13.374027
13597,2022-02-27 07:01:10.856992,52.516366,13.378713
14482,2022-02-27 07:01:10.856992,52.52322,13.382772
14322,2022-02-27 07:01:10.856992,52.467663,13.487032
14432,2022-02-27 07:01:10.856992,52.542754,13.370111
13526,2022-02-27 07:01:10.856992,52.495067,13.405634
13165,2022-02-27 07:01:10.856992,52.529736,13.407354
14381,2022-02-27 07:01:10.856992,52.485269,13.448384
15003,2022-02-27 07:01:10.856992,52.51657,13.380703
13457,2022-02-27 07:01:10.856992,52.489899,13.370476
14614,2022-02-27 07:01:10.856992,52.489953,13.38832
15393,2022-02-27 07:01:10.856992,52.551923,13.42084
16077,2022-02-27 07:01:10.856992,52.525133,13.405909
14056,2022-02-27 07:01:10.856992,52.527411,13.36209
16249,2022-02-27 07:01:10.856992,52.513733,13.476363
13082,2022-02-27 07:01:10.856992,52.516467,13.386198
14940,2022-02-27 07:01:10.856992,52.467677,13.487132
15131,2022-02-27 07:01:10.856992,52.502411,13.325529
16102,2022-02-27 07:01:10.856992,52.494851,13.428771
13393,2022-02-27 07:01:10.856992,52.52359,13.387888
19113,2022-02-27 07:01:10.856992,52.488627,13.339397
15292,2022-02-27 07:01:10.856992,52.530021,13.401083
13366,2022-02-27 07:01:10.856992,52.492012,13.441018
15948,2022-02-27 07:01:10.856992,52.517582,13.431449
15391,2022-02-27 07:01:10.856992,52.498034,13.391665
16195,2022-02-27 07:01:10.856992,52.523323,13.446641
13818,2022-02-27 07:01:10.856992,52.529007,13.430768
14412,2022-02-27 07:01:10.856992,52.530243,13.404382
14897,2022-02-27 07:01:10.856992,52.54066,13.419415
13933,2022-02-27 07:01:10.856992,52.574585,13.428751
16510,2022-02-27 07:01:10.856992,52.513427,13.391158
15109,2022-02-27 07:01:10.856992,52.517626,13.287836
14682,2022-02-27 07:01:10.856992,52.519238,13.313967
14481,2022-02-27 07:01:10.856992,52.500558,13.396134
19164,2022-02-27 07:01:10.856992,52.512947,13.43242
15389,2022-02-27 07:01:10.856992,52.528629,13.390679
13343,2022-02-27 07:01:10.856992,52.542381,13.610172
13844,2022-02-27 07:01:10.856992,52.525455,13.324438
13536,2022-02-27 07:01:10.856992,52.520529,13.327777
13404,2022-02-27 07:01:10.856992,52.503637,13.38298
14607,2022-02-27 07:01:10.856992,52.504113,13.317248
16199,2022-02-27 07:01:10.856992,52.551436,13.363268
16239,2022-02-27 07:01:10.856992,52.502838,13.407219
16188,2022-02-27 07:01:10.856992,52.513016,13.382765
13848,2022-02-27 07:01:10.856992,52.5005,13.423099
13122,2022-02-27 07:01:10.856992,52.485474,13.433402
13860,2022-02-27 07:01:10.856992,52.495367,13.430282
15554,2022-02-27 07:01:10.856992,52.533444,13.387951
13693,2022-02-27 07:01:10.856992,52.49615,13.390285
16066,2022-02-27 07:01:10.856992,52.515072,13.330483
14686,2022-02-27 07:01:10.856992,52.520204,13.390294
14579,2022-02-27 07:01:10.856992,52.492458,13.392406
19226,2022-02-27 07:01:10.856992,52.503898,13.402547
15373,2022-02-27 07:01:10.856992,52.518114,13.37756
13991,2022-02-27 07:01:10.856992,52.532807,13.357586
16060,2022-02-27 07:01:10.856992,52.547054,13.367406
15201,2022-02-27 07:01:10.856992,52.497125,13.447682
16119,2022-02-27 07:01:10.856992,52.526644,13.367179
16179,2022-02-27 07:01:10.856992,52.539576,13.39474
13472,2022-02-27 07:01:10.856992,52.529046,13.303838
16332,2022-02-27 07:01:10.856992,52.48271,13.431393
16161,2022-02-27 07:01:10.856992,52.501,13.364018
17171,2022-02-27 07:01:10.856992,52.530418,13.454762
14483,2022-02-27 07:01:10.856992,52.477936,13.330133
14660,2022-02-27 07:01:10.856992,52.509882,13.392081
14396,2022-02-27 07:01:10.856992,52.491314,13.386329
15248,2022-02-27 07:01:10.856992,52.494143,13.426448
15255,2022-02-27 07:01:10.856992,52.549133,13.380713
14250,2022-02-27 07:01:10.856992,52.506653,13.285514
15360,2022-02-27 07:01:10.856992,52.4908,13.319395
15898,2022-02-27 07:01:10.856992,52.500996,13.314624
15380,2022-02-27 07:01:10.856992,52.499385,13.428656
14792,2022-02-27 07:01:10.856992,52.519303,13.397924
15247,2022-02-27 07:01:10.856992,52.516086,13.401403
15325,2022-02-27 07:01:10.856992,52.510985,13.3214
13898,2022-02-27 07:01:10.856992,52.48629,13.440123
16169,2022-02-27 07:01:10.856992,52.539891,13.40624
13987,2022-02-27 07:01:10.856992,52.503348,13.411524
15367,2022-02-27 07:01:10.856992,52.485719,13.322665
14254,2022-02-27 07:01:10.856992,52.496385,13.365469
15074,2022-02-27 07:01:10.856992,52.493644,13.429584
13666,2022-02-27 07:01:10.856992,52.489259,13.426763
13902,2022-02-27 07:01:10.856992,52.499094,13.421068
14167,2022-02-27 07:01:10.856992,52.519224,13.399191
16356,2022-02-27 07:01:10.856992,52.514539,13.378281
14948,2022-02-27 07:01:10.856992,52.499399,13.428706
13671,2022-02-27 07:01:10.856992,52.507209,13.38314
13777,2022-02-27 07:01:10.856992,52.521406,13.330632
18212,2022-02-27 07:01:10.856992,52.513178,13.449872
14666,2022-02-27 07:01:10.856992,52.503217,13.359875
13939,2022-02-27 07:01:10.856992,52.502392,13.394695
14129,2022-02-27 07:01:10.856992,52.525286,13.339364
16064,2022-02-27 07:01:10.856992,52.496939,13.425603
13184,2022-02-27 07:01:10.856992,52.511207,13.402173
15287,2022-02-27 07:01:10.856992,52.50067,13.409397
13399,2022-02-27 07:01:10.856992,52.498486,13.408853
14019,2022-02-27 07:01:10.856992,52.507121,13.354727
14036,2022-02-27 07:01:10.856992,52.52149,13.400393
13331,2022-02-27 07:01:10.856992,52.502749,13.407267
13708,2022-02-27 07:01:10.856992,52.499253,13.418818
13262,2022-02-27 07:01:10.856992,52.51701,13.383993
15396,2022-02-27 07:01:10.856992,52.539141,13.371573
13340,2022-02-27 07:01:10.856992,52.504503,13.468482
15378,2022-02-27 07:01:10.856992,52.523444,13.385399
13130,2022-02-27 07:01:10.856992,52.502869,13.441213
13320,2022-02-27 07:01:10.856992,52.50288,13.321909
14291,2022-02-27 07:01:10.856992,52.508275,13.451088
15082,2022-02-27 07:01:10.856992,52.529261,13.371124
16342,2022-02-27 07:01:10.856992,52.42964,13.469112
18294,2022-02-27 07:01:10.856992,52.488956,13.397412
13024,2022-02-27 07:01:10.856992,52.484812,13.455209
16282,2022-02-27 07:01:10.856992,52.534519,13.358825
19065,2022-02-27 07:01:10.856992,52.540684,13.413822
16002,2022-02-27 07:01:10.856992,52.50793,13.372475
16042,2022-02-27 07:01:10.856992,52.493616,13.383395
15875,2022-02-27 07:01:10.856992,52.510417,13.459443
16059,2022-02-27 07:01:10.856992,52.509243,13.286399
13355,2022-02-27 07:01:10.856992,52.494277,13.394599
16140,2022-02-27 07:01:10.856992,52.509185,13.376944
13668,2022-02-27 07:01:10.856992,52.48881,13.419408
16260,2022-02-27 07:01:10.856992,52.48356,13.438705
14115,2022-02-27 07:01:10.856992,52.508584,13.465701
13066,2022-02-27 07:01:10.856992,52.549137,13.407885
14542,2022-02-27 07:01:10.856992,52.498241,13.391842
16028,2022-02-27 07:01:10.856992,52.485155,13.37678
13178,2022-02-27 07:01:10.856992,52.50796,13.365986
14806,2022-02-27 07:01:10.856992,52.489572,13.420941
13326,2022-02-27 07:01:10.856992,52.495458,13.383478
13433,2022-02-27 07:01:10.856992,52.495735,13.419413
14735,2022-02-27 07:01:10.856992,52.495543,13.433403
13894,2022-02-27 07:01:10.856992,52.489953,13.30045
16290,2022-02-27 07:01:10.856992,52.510505,13.46809
13641,2022-02-27 07:01:10.856992,52.521955,13.408092
18434,2022-02-27 07:01:10.856992,52.539373,13.399112
13996,2022-02-27 07:01:10.856992,52.491297,13.456888
14224,2022-02-27 07:01:10.856992,52.526818,13.395214
15829,2022-02-27 07:01:10.856992,52.500842,13.336667
13770,2022-02-27 07:01:10.856992,52.511118,13.354847
14821,2022-02-27 07:01:10.856992,52.529203,13.591399
14913,2022-02-27 07:01:10.856992,52.493633,13.352333
15246,2022-02-27 07:01:10.856992,52.496552,13.411196
13492,2022-02-27 07:01:10.856992,52.510388,13.291408
14736,2022-02-27 07:01:10.856992,52.506102,13.332745
15269,2022-02-27 07:01:10.856992,52.528458,13.480309
16232,2022-02-27 07:01:10.856992,52.486385,13.421889
13216,2022-02-27 07:01:10.856992,52.469726,13.423634
13784,2022-02-27 07:01:10.856992,52.504151,13.325361
16299,2022-02-27 07:01:10.856992,52.531227,13.394457
14654,2022-02-27 07:01:10.856992,52.505349,13.411264
18936,2022-02-27 07:01:10.856992,52.488044,13.412362
15209,2022-02-27 07:01:10.856992,52.535281,13.417167
13411,2022-02-27 07:01:10.856992,52.523977,13.402996
16340,2022-02-27 07:01:10.856992,52.522293,13.415311
14122,2022-02-27 07:01:10.856992,52.525937,13.368124
13336,2022-02-27 07:01:10.856992,52.541219,13.348221
14199,2022-02-27 07:01:10.856992,52.504946,13.444919
13086,2022-02-27 07:01:10.856992,52.496576,13.466925
15261,2022-02-27 07:01:10.856992,52.527313,13.382458
16005,2022-02-27 07:01:10.856992,52.5273,13.38691
14971,2022-02-27 07:01:10.856992,52.490777,13.397978
13640,2022-02-27 07:01:10.856992,52.507128,13.330968
13495,2022-02-27 07:01:10.856992,52.495422,13.437727
15900,2022-02-27 07:01:10.856992,52.540966,13.425649
13687,2022-02-27 07:01:10.856992,52.468781,13.433273
13401,2022-02-27 07:01:10.856992,52.516617,13.380569
14091,2022-02-27 07:01:10.856992,52.516608,13.380393
14875,2022-02-27 07:01:10.856992,52.508811,13.389066
13763,2022-02-27 07:01:10.856992,52.524863,13.403255
13483,2022-02-27 07:01:10.856992,52.518891,13.454213
13976,2022-02-27 07:01:10.856992,52.511509,13.375556
13890,2022-02-27 07:01:10.856992,52.537802,13.372167
15170,2022-02-27 07:01:10.856992,52.51385,13.337606
13710,2022-02-27 07:01:10.856992,52.503215,13.339065
16097,2022-02-27 07:01:10.856992,52.510295,13.291557
13718,2022-02-27 07:01:10.856992,52.516578,13.378482
16241,2022-02-27 07:01:10.856992,52.516229,13.405503
16131,2022-02-27 07:01:10.856992,52.513649,13.349365
14468,2022-02-27 07:01:10.856992,52.51316,13.377397
18311,2022-02-27 07:01:10.856992,52.519289,13.397561
15828,2022-02-27 07:01:10.856992,52.523692,13.402758
16197,2022-02-27 07:01:10.856992,52.510097,13.460641
14882,2022-02-27 07:01:10.856992,52.530354,13.415163
14459,2022-02-27 07:01:10.856992,52.537997,13.375906
14273,2022-02-27 07:01:10.856992,52.480231,13.346095
16217,2022-02-27 07:01:10.856992,52.492774,13.371099
19292,2022-02-27 07:01:10.856992,52.48876,13.407483
14503,2022-02-27 07:01:10.856992,52.48779,13.455894
14776,2022-02-27 07:01:10.856992,52.471714,13.385844
19005,2022-02-27 07:01:10.856992,52.515422,13.407859
19344,2022-02-27 07:01:10.856992,52.471591,13.385967
13643,2022-02-27 07:01:10.856992,52.514307,13.432508
13414,2022-02-27 07:01:10.856992,52.488216,13.425389
13095,2022-02-27 07:01:10.856992,52.525408,13.40321
16240,2022-02-27 07:01:10.856992,52.490239,13.316436
14090,2022-02-27 07:01:10.856992,52.487078,13.424861
13781,2022-02-27 07:01:10.856992,52.527999,13.394787
14729,2022-02-27 07:01:10.856992,52.510714,13.46257
15220,2022-02-27 07:01:10.856992,52.525671,13.33977
16475,2022-02-27 07:01:10.856992,52.503382,13.338582
13523,2022-02-27 07:01:10.856992,52.519309,13.407463
16046,2022-02-27 07:01:10.856992,52.477984,13.439459
13023,2022-02-27 07:01:10.856992,52.506076,13.373018
14261,2022-02-27 07:01:10.856992,52.506494,13.458904
14759,2022-02-27 07:01:10.856992,52.516548,13.386014
13564,2022-02-27 07:01:10.856992,52.514265,13.377547
15914,2022-02-27 07:01:10.856992,52.485,13.454735
14275,2022-02-27 07:01:10.856992,52.529872,13.445443
13674,2022-02-27 07:01:10.856992,52.517613,13.374891
18272,2022-02-27 07:01:10.856992,52.520653,13.37742
14343,2022-02-27 07:01:10.856992,52.494076,13.437997
16081,2022-02-27 07:01:10.856992,52.51852,13.396969
14822,2022-02-27 07:01:10.856992,52.517604,13.397343
16215,2022-02-27 07:01:10.856992,52.47348,13.448948
13132,2022-02-27 07:01:10.856992,52.518396,13.398501
14247,2022-02-27 07:01:10.856992,52.491581,13.412667
14852,2022-02-27 07:01:10.856992,52.524512,13.413252
14684,2022-02-27 07:01:10.856992,52.509107,13.435131
13249,2022-02-27 07:01:10.856992,52.502901,13.339317
14068,2022-02-27 07:01:10.856992,52.51817,13.433103
16293,2022-02-27 07:01:10.856992,52.534159,13.366471
14994,2022-02-27 07:01:10.856992,52.526081,13.341344
14498,2022-02-27 07:01:10.856992,52.482934,13.355118
14388,2022-02-27 07:01:10.856992,52.483029,13.359059
16242,2022-02-27 07:01:10.856992,52.49266,13.439704
14112,2022-02-27 07:01:10.856992,52.483623,13.340966
17875,2022-02-27 07:01:10.856992,52.495956,13.435278
14540,2022-02-27 07:01:10.856992,52.493823,13.353621
13345,2022-02-27 07:01:10.856992,52.402448,13.045101
13752,2022-02-27 07:01:10.856992,52.506999,13.331156
14169,2022-02-27 07:01:10.856992,52.501432,13.425704
14904,2022-02-27 07:01:10.856992,52.501168,13.442137
15874,2022-02-27 07:01:10.856992,52.490896,13.397779
13380,2022-02-27 07:01:10.856992,52.549792,13.413784
15295,2022-02-27 07:01:10.856992,52.506231,13.31685
16223,2022-02-27 07:01:10.856992,52.466596,13.257422
16198,2022-02-27 07:01:10.856992,52.533371,13.404256
15080,2022-02-27 07:01:10.856992,52.510984,13.306512
15854,2022-02-27 07:01:10.856992,52.504303,13.366911
13188,2022-02-27 07:01:10.856992,52.531474,13.412425
16182,2022-02-27 07:01:10.856992,52.48401,13.432349
13923,2022-02-27 07:01:10.856992,52.524665,13.412869
16603,2022-02-27 07:01:10.856992,52.503858,13.420376
14585,2022-02-27 07:01:10.856992,52.522152,13.413411
16203,2022-02-27 07:01:10.856992,52.50948,13.371838
13765,2022-02-27 07:01:10.856992,52.504218,13.441917
14062,2022-02-27 07:01:10.856992,52.503738,13.387476
14276,2022-02-27 07:01:10.856992,52.487801,13.36352
14331,2022-02-27 07:01:10.856992,52.553767,13.337111
13758,2022-02-27 07:01:10.856992,52.507515,13.481492
16263,2022-02-27 07:01:10.856992,52.516344,13.335819
13075,2022-02-27 07:01:10.856992,52.474658,13.449331
15330,2022-02-27 07:01:10.856992,52.509568,13.334596
16350,2022-02-27 07:01:10.856992,52.488129,13.364067
14044,2022-02-27 07:01:10.856992,52.488129,13.364067
18933,2022-02-27 07:01:10.856992,52.510702,13.437072
14715,2022-02-27 07:01:10.856992,52.507725,13.467193
14712,2022-02-27 07:01:10.856992,52.488019,13.361485
13112,2022-02-27 07:01:10.856992,52.53462,13.398369
14079,2022-02-27 07:01:10.856992,52.491618,13.492275
14476,2022-02-27 07:01:10.856992,52.50495,13.317181
13065,2022-02-27 07:01:10.856992,52.498694,13.469668
17210,2022-02-27 07:01:10.856992,52.504036,13.417861
16537,2022-02-27 07:01:10.856992,52.520876,13.324294
19364,2022-02-27 07:01:10.856992,52.489916,13.410513
15891,2022-02-27 07:01:10.856992,52.48364,13.361627
15866,2022-02-27 07:01:10.856992,52.518372,13.432645
13747,2022-02-27 07:01:10.856992,52.510399,13.459561
13735,2022-02-27 07:01:10.856992,52.526203,13.421986
13172,2022-02-27 07:01:10.856992,52.490378,13.449027
13127,2022-02-27 07:01:10.856992,52.528714,13.405591
18686,2022-02-27 07:01:10.856992,52.513364,13.397572
19288,2022-02-27 07:01:10.856992,52.541756,13.423428
19317,2022-02-27 07:01:10.856992,52.48884,13.407548
17080,2022-02-27 07:01:10.856992,52.507836,13.309366
14116,2022-02-27 07:01:10.856992,52.52779,13.400763
14901,2022-02-27 07:01:10.856992,52.490364,13.448818
17298,2022-02-27 07:01:10.856992,52.503018,13.316947
14642,2022-02-27 07:01:10.856992,52.507228,13.397339
13616,2022-02-27 07:01:10.856992,52.49848,13.446628
15008,2022-02-27 07:01:10.856992,52.493894,13.381437
15406,2022-02-27 07:01:10.856992,52.505658,13.422658
14704,2022-02-27 07:01:10.856992,52.528404,13.393699
13876,2022-02-27 07:01:10.856992,52.517882,13.500785
14035,2022-02-27 07:01:10.856992,52.484043,13.432114
15265,2022-02-27 07:01:10.856992,52.512595,13.471308
19974,2022-02-27 07:01:10.856992,52.503375,13.437704
15182,2022-02-27 07:01:10.856992,52.511653,13.308887
13496,2022-02-27 07:01:10.856992,52.503514,13.425759
13739,2022-02-27 07:01:10.856992,52.526107,13.398647
13875,2022-02-27 07:01:10.856992,52.507368,13.450379
15208,2022-02-27 07:01:10.856992,52.538234,13.420296
14403,2022-02-27 07:01:10.856992,52.476793,13.447788
13476,2022-02-27 07:01:10.856992,52.472008,13.33911
13548,2022-02-27 07:01:10.856992,52.493326,13.421968
13972,2022-02-27 07:01:10.856992,52.469967,13.427288
13961,2022-02-27 07:01:10.856992,52.529452,13.298127
16238,2022-02-27 07:01:10.856992,52.469854,13.429971
13143,2022-02-27 07:01:10.856992,52.516308,13.378676
14218,2022-02-27 07:01:10.856992,52.499095,13.356454
16120,2022-02-27 07:01:10.856992,52.523847,13.402878
13312,2022-02-27 07:01:10.856992,52.471736,13.435242
14596,2022-02-27 07:01:10.856992,52.490681,13.39432
16790,2022-02-27 07:01:10.856992,52.526742,13.336186
15273,2022-02-27 07:01:10.856992,52.498081,13.429779
19099,2022-02-27 07:01:10.856992,52.49444,13.357601
15826,2022-02-27 07:01:10.856992,52.477268,13.424049
13644,2022-02-27 07:01:10.856992,52.547177,13.369089
14348,2022-02-27 07:01:10.856992,52.505001,13.418107
19072,2022-02-27 07:01:10.856992,52.515884,13.439816
18926,2022-02-27 07:01:10.856992,52.503733,13.380546
13912,2022-02-27 07:01:10.856992,52.491025,13.382213
18573,2022-02-27 07:01:10.856992,52.475031,13.444273
17229,2022-02-27 07:01:10.856992,52.483853,13.39467
19057,2022-02-27 07:01:10.856992,52.48128,13.379403
14433,2022-02-27 07:01:10.856992,52.485284,13.453356
19120,2022-02-27 07:01:10.856992,52.534489,13.425607
19059,2022-02-27 07:01:10.856992,52.540951,13.409443
19332,2022-02-27 07:01:10.856992,52.499138,13.425257
17355,2022-02-27 07:01:10.856992,52.479662,13.454174
17132,2022-02-27 07:01:10.856992,52.53064,13.385818
19093,2022-02-27 07:01:10.856992,52.503818,13.436374
18189,2022-02-27 07:01:10.856992,52.504458,13.392636
13297,2022-02-27 07:01:10.856992,52.529226,13.408071
19202,2022-02-27 07:01:10.856992,52.530453,13.455168
15407,2022-02-27 07:01:10.856992,52.503018,13.446698
18668,2022-02-27 07:01:10.856992,52.436978,13.374914
19173,2022-02-27 07:01:10.856992,52.53252,13.409454
14894,2022-02-27 07:01:10.856992,52.516681,13.418101
16185,2022-02-27 07:01:10.856992,52.516719,13.418089
15321,2022-02-27 07:01:10.856992,52.540315,13.470721
19165,2022-02-27 07:01:10.856992,52.517756,13.366496
15518,2022-02-27 07:01:10.856992,52.505533,13.414289
18979,2022-02-27 07:01:10.856992,52.482351,13.362518
16871,2022-02-27 07:01:10.856992,52.501058,13.381887
19320,2022-02-27 07:01:10.856992,52.524436,13.395366
16676,2022-02-27 07:01:10.856992,52.5026,13.297358
19349,2022-02-27 07:01:10.856992,52.516702,13.393338
18300,2022-02-27 07:01:10.856992,52.55372,13.390896
16487,2022-02-27 07:01:10.856992,52.492018,13.386812
19125,2022-02-27 07:01:10.856992,52.53536,13.402488
19056,2022-02-27 07:01:10.856992,52.500747,13.417676
19208,2022-02-27 07:01:10.856992,52.494867,13.420866
19064,2022-02-27 07:01:10.856992,52.521671,13.402272
16807,2022-02-27 07:01:10.856992,52.494596,13.409566
19381,2022-02-27 07:01:10.856992,52.516627,13.378278
19041,2022-02-27 07:01:10.856992,52.532391,13.426364
19347,2022-02-27 07:01:10.856992,52.504689,13.356742
19003,2022-02-27 07:01:10.856992,52.518267,13.322868
19186,2022-02-27 07:01:10.856992,52.517111,13.283609
15121,2022-02-27 07:01:10.856992,52.5188,13.359402
17503,2022-02-27 07:01:10.856992,52.49964,13.430381
19384,2022-02-27 07:01:10.856992,52.496084,13.456967
19037,2022-02-27 07:01:10.856992,52.498716,13.446732
19248,2022-02-27 07:01:10.856992,52.470889,13.446289
19156,2022-02-27 07:01:10.856992,52.548893,13.401833
18772,2022-02-27 07:01:10.856992,52.50704,13.333047
17007,2022-02-27 07:01:10.856992,52.500956,13.420506
16864,2022-02-27 07:01:10.856992,52.493222,13.417944
18970,2022-02-27 07:01:10.856992,52.503036,13.29042
15498,2022-02-27 07:01:10.856992,52.510271,13.458451
18326,2022-02-27 07:01:10.856992,52.500156,13.387833
19129,2022-02-27 07:01:10.856992,52.504698,13.349188
19063,2022-02-27 07:01:10.856992,52.529484,13.40862
15468,2022-02-27 07:01:10.856992,52.483836,13.400226
14438,2022-02-27 07:01:10.856992,52.493187,13.387089
14072,2022-02-27 07:01:10.856992,52.509586,13.331176
19159,2022-02-27 07:01:10.856992,52.506191,13.318273
15402,2022-02-27 07:01:10.856992,52.533396,13.422312
19116,2022-02-27 07:01:10.856992,52.534187,13.40496
19327,2022-02-27 07:01:10.856992,52.482244,13.445123
15515,2022-02-27 07:01:10.856992,52.503818,13.329821
19219,2022-02-27 07:01:10.856992,52.490187,13.388564
19169,2022-02-27 07:01:10.856992,52.510031,13.405778
18749,2022-02-27 07:01:10.856992,52.506907,13.303148
19004,2022-02-27 07:01:10.856992,52.504818,13.44772
19367,2022-02-27 07:01:10.856992,52.493596,13.335757
19309,2022-02-27 07:01:10.856992,52.493791,13.428942
15186,2022-02-27 07:01:10.856992,52.50276,13.28773
19030,2022-02-27 07:01:10.856992,52.491,13.404827
15453,2022-02-27 07:01:10.856992,52.506453,13.444942
19110,2022-02-27 07:01:10.856992,52.487484,13.387264
18996,2022-02-27 07:01:10.856992,52.502507,13.415546
15463,2022-02-27 07:01:10.856992,52.487907,13.364666
