0,1,2,3
13013,2022-02-28 23:53:34.695885,52.501855,13.316879
13396,2022-02-28 23:53:34.695885,52.522032,13.40059
13391,2022-02-28 23:53:34.695885,52.52845,13.392904
13139,2022-02-28 23:53:34.695885,52.510688,13.376905
13008,2022-02-28 23:53:34.695885,52.492068,13.451263
13399,2022-02-28 23:53:34.695885,52.512017,13.376336
13208,2022-02-28 23:53:34.695885,52.512135,13.376892
13503,2022-02-28 23:53:34.695885,52.521414,13.485667
14575,2022-02-28 23:53:34.695885,52.529268,13.387696
13101,2022-02-28 23:53:34.695885,52.500584,13.366287
13928,2022-02-28 23:53:34.695885,52.51589,13.402768
13679,2022-02-28 23:53:34.695885,52.526211,13.403606
14446,2022-02-28 23:53:34.695885,52.484776,13.43105
13659,2022-02-28 23:53:34.695885,52.50655,13.371926
13534,2022-02-28 23:53:34.695885,52.529268,13.387696
14450,2022-02-28 23:53:34.695885,52.501996,13.421192
14797,2022-02-28 23:53:34.695885,52.529555,13.405183
15114,2022-02-28 23:53:34.695885,52.529278,13.387693
14945,2022-02-28 23:53:34.695885,52.526796,13.411078
13697,2022-02-28 23:53:34.695885,52.501991,13.416296
15022,2022-02-28 23:53:34.695885,52.50681,13.289327
15137,2022-02-28 23:53:34.695885,52.516063,13.426367
14857,2022-02-28 23:53:34.695885,52.529052,13.456794
15173,2022-02-28 23:53:34.695885,52.528616,13.383575
15055,2022-02-28 23:53:34.695885,52.512025,13.461879
14785,2022-02-28 23:53:34.695885,52.50442,13.434614
15214,2022-02-28 23:53:34.695885,52.504466,13.434643
16075,2022-02-28 23:53:34.695885,52.515824,13.402785
15320,2022-02-28 23:53:34.695885,52.513688,13.406205
13721,2022-02-28 23:53:34.695885,52.526142,13.403502
15915,2022-02-28 23:53:34.695885,52.515779,13.402832
15343,2022-02-28 23:53:34.695885,52.515824,13.402785
14353,2022-02-28 23:53:34.695885,52.513001,13.403951
19988,2022-02-28 23:53:34.695885,52.521182,13.309776
14029,2022-02-28 23:53:34.695885,52.505689,13.386357
14820,2022-02-28 23:53:34.695885,52.50502,13.439838
15059,2022-02-28 23:53:34.695885,52.503751,13.291298
16024,2022-02-28 23:53:34.695885,52.502507,13.324154
16051,2022-02-28 23:53:34.695885,52.508243,13.332507
15174,2022-02-28 23:53:34.695885,52.480093,13.351993
13242,2022-02-28 23:53:34.695885,52.503456,13.469741
14286,2022-02-28 23:53:34.695885,52.967277,13.42528
14645,2022-02-28 23:53:34.695885,52.49468,13.299443
14830,2022-02-28 23:53:34.695885,52.496439,13.299733
13454,2022-02-28 23:53:34.695885,52.49411,13.304867
16234,2022-02-28 23:53:34.695885,52.52077,13.431025
13719,2022-02-28 23:53:34.695885,52.51297,13.283676
13011,2022-02-28 23:53:34.695885,52.518621,13.480186
13772,2022-02-28 23:53:34.695885,52.480221,13.340751
14109,2022-02-28 23:53:34.695885,52.507978,13.308037
14063,2022-02-28 23:53:34.695885,52.495323,13.347756
14517,2022-02-28 23:53:34.695885,52.490469,13.321273
14246,2022-02-28 23:53:34.695885,52.515872,13.451591
14893,2022-02-28 23:53:34.695885,52.480041,13.320521
16069,2022-02-28 23:53:34.695885,52.523451,13.332263
14544,2022-02-28 23:53:34.695885,52.512848,13.440095
15167,2022-02-28 23:53:34.695885,52.516334,13.40458
14952,2022-02-28 23:53:34.695885,52.495925,13.305267
14048,2022-02-28 23:53:34.695885,52.530966,13.402652
15145,2022-02-28 23:53:34.695885,52.494576,13.300682
14260,2022-02-28 23:53:34.695885,52.508019,13.372787
16132,2022-02-28 23:53:34.695885,52.503279,13.315404
15904,2022-02-28 23:53:34.695885,52.506428,13.313822
14769,2022-02-28 23:53:34.695885,52.505691,13.442789
14762,2022-02-28 23:53:34.695885,52.497434,13.292305
19244,2022-02-28 23:53:34.695885,52.502089,13.316606
13093,2022-02-28 23:53:34.695885,52.51576,13.40743
15293,2022-02-28 23:53:34.695885,52.50934,13.376744
13525,2022-02-28 23:53:34.695885,52.517937,13.384688
16301,2022-02-28 23:53:34.695885,52.505076,13.449604
13429,2022-02-28 23:53:34.695885,52.502005,13.434545
13618,2022-02-28 23:53:34.695885,52.511914,13.469176
16189,2022-02-28 23:53:34.695885,52.513721,13.387434
15021,2022-02-28 23:53:34.695885,52.502771,13.320674
15054,2022-02-28 23:53:34.695885,52.506547,13.305781
13141,2022-02-28 23:53:34.695885,52.508953,13.377006
13632,2022-02-28 23:53:34.695885,52.514943,13.287886
13102,2022-02-28 23:53:34.695885,52.489615,13.441735
14703,2022-02-28 23:53:34.695885,52.504501,13.317392
13587,2022-02-28 23:53:34.695885,52.539433,13.300894
13381,2022-02-28 23:53:34.695885,52.485856,13.391128
15356,2022-02-28 23:53:34.695885,52.495008,13.304828
15031,2022-02-28 23:53:34.695885,52.484686,13.431012
13614,2022-02-28 23:53:34.695885,52.504395,13.442238
13438,2022-02-28 23:53:34.695885,52.512578,13.403055
13684,2022-02-28 23:53:34.695885,52.536649,13.370409
13563,2022-02-28 23:53:34.695885,52.541073,13.432043
13755,2022-02-28 23:53:34.695885,52.525214,13.499511
14955,2022-02-28 23:53:34.695885,52.50084,13.414326
14960,2022-02-28 23:53:34.695885,52.491346,13.386452
14189,2022-02-28 23:53:34.695885,52.513428,13.288047
14012,2022-02-28 23:53:34.695885,52.496661,13.40547
16123,2022-02-28 23:53:34.695885,52.52527,13.379162
15017,2022-02-28 23:53:34.695885,52.482849,13.333175
16074,2022-02-28 23:53:34.695885,52.494121,13.417788
14445,2022-02-28 23:53:34.695885,52.51097,13.49979
13497,2022-02-28 23:53:34.695885,52.517936,13.457362
13142,2022-02-28 23:53:34.695885,52.507436,13.46892
14981,2022-02-28 23:53:34.695885,52.50274,13.39396
16031,2022-02-28 23:53:34.695885,52.491362,13.346986
13488,2022-02-28 23:53:34.695885,52.481483,13.439715
15093,2022-02-28 23:53:34.695885,52.506383,13.30981
14244,2022-02-28 23:53:34.695885,52.505388,13.347655
15919,2022-02-28 23:53:34.695885,52.529453,13.407452
14040,2022-02-28 23:53:34.695885,52.519399,13.393179
16250,2022-02-28 23:53:34.695885,52.508701,13.347814
13529,2022-02-28 23:53:34.695885,52.475217,13.366419
13348,2022-02-28 23:53:34.695885,52.49532,13.301242
15307,2022-02-28 23:53:34.695885,52.472197,13.314206
15268,2022-02-28 23:53:34.695885,52.503311,13.420839
15883,2022-02-28 23:53:34.695885,52.497232,13.342316
14342,2022-02-28 23:53:34.695885,52.509704,13.329334
14777,2022-02-28 23:53:34.695885,52.49145,13.32858
14639,2022-02-28 23:53:34.695885,52.528951,13.408195
15937,2022-02-28 23:53:34.695885,52.507843,13.387578
15315,2022-02-28 23:53:34.695885,52.501944,13.360077
13544,2022-02-28 23:53:34.695885,52.508243,13.392701
14536,2022-02-28 23:53:34.695885,52.532306,13.313261
14472,2022-02-28 23:53:34.695885,52.504703,13.317237
14592,2022-02-28 23:53:34.695885,52.521916,13.401906
14754,2022-02-28 23:53:34.695885,52.534669,13.424399
13068,2022-02-28 23:53:34.695885,52.50994,13.436084
14474,2022-02-28 23:53:34.695885,52.512695,13.404413
14320,2022-02-28 23:53:34.695885,52.50454,13.390048
13064,2022-02-28 23:53:34.695885,52.523109,13.377569
14968,2022-02-28 23:53:34.695885,52.517985,13.37823
19994,2022-02-28 23:53:34.695885,52.505888,13.333606
13815,2022-02-28 23:53:34.695885,52.506931,13.305554
14629,2022-02-28 23:53:34.695885,52.506942,13.449679
15361,2022-02-28 23:53:34.695885,52.501165,13.477164
13785,2022-02-28 23:53:34.695885,52.509172,13.379003
14915,2022-02-28 23:53:34.695885,52.509352,13.378998
13551,2022-02-28 23:53:34.695885,52.473548,13.448132
13542,2022-02-28 23:53:34.695885,52.500026,13.322808
13916,2022-02-28 23:53:34.695885,52.504617,13.334459
13251,2022-02-28 23:53:34.695885,52.552688,13.37619
16187,2022-02-28 23:53:34.695885,52.521213,13.404108
14790,2022-02-28 23:53:34.695885,52.504817,13.334348
14809,2022-02-28 23:53:34.695885,52.503096,13.328791
13579,2022-02-28 23:53:34.695885,52.506793,13.333188
13194,2022-02-28 23:53:34.695885,52.504214,13.415881
16174,2022-02-28 23:53:34.695885,52.503723,13.303549
13519,2022-02-28 23:53:34.695885,52.499086,13.424711
13344,2022-02-28 23:53:34.695885,52.509875,13.447649
14944,2022-02-28 23:53:34.695885,52.503565,13.4963
13220,2022-02-28 23:53:34.695885,52.49522,13.419369
17192,2022-02-28 23:53:34.695885,52.50012,13.463542
18406,2022-02-28 23:53:34.695885,52.506578,13.285246
15233,2022-02-28 23:53:34.695885,52.49802,13.391616
13243,2022-02-28 23:53:34.695885,52.44372,13.315284
13047,2022-02-28 23:53:34.695885,52.493878,13.435878
14975,2022-02-28 23:53:34.695885,52.492584,13.388783
16770,2022-02-28 23:53:34.695885,52.522791,13.440527
13499,2022-02-28 23:53:34.695885,52.517054,13.341952
13083,2022-02-28 23:53:34.695885,52.502104,13.409597
19046,2022-02-28 23:53:34.695885,52.496573,13.411324
13258,2022-02-28 23:53:34.695885,52.547389,13.399367
13995,2022-02-28 23:53:34.695885,52.499443,13.354165
13371,2022-02-28 23:53:34.695885,52.497791,13.436723
14779,2022-02-28 23:53:34.695885,52.514381,13.395618
14002,2022-02-28 23:53:34.695885,52.498172,13.296902
13057,2022-02-28 23:53:34.695885,52.493772,13.421007
16721,2022-02-28 23:53:34.695885,52.491018,13.35669
16749,2022-02-28 23:53:34.695885,52.523707,13.419389
14803,2022-02-28 23:53:34.695885,52.520614,13.493056
14045,2022-02-28 23:53:34.695885,52.496279,13.423577
14970,2022-02-28 23:53:34.695885,52.506156,13.330357
14608,2022-02-28 23:53:34.695885,52.509505,13.373306
14964,2022-02-28 23:53:34.695885,52.487215,13.315491
13347,2022-02-28 23:53:34.695885,52.529809,13.319293
14836,2022-02-28 23:53:34.695885,52.489292,13.39589
14990,2022-02-28 23:53:34.695885,52.504417,13.468428
16662,2022-02-28 23:53:34.695885,52.49544,13.389762
14744,2022-02-28 23:53:34.695885,52.519322,13.409061
15253,2022-02-28 23:53:34.695885,52.553228,13.570023
14312,2022-02-28 23:53:34.695885,52.513289,13.438727
16752,2022-02-28 23:53:34.695885,52.507689,13.319483
19168,2022-02-28 23:53:34.695885,52.527387,13.415599
16834,2022-02-28 23:53:34.695885,52.513493,13.38187
13245,2022-02-28 23:53:34.695885,52.485476,13.442843
17951,2022-02-28 23:53:34.695885,52.495751,13.433673
16361,2022-02-28 23:53:34.695885,52.494568,13.418643
13222,2022-02-28 23:53:34.695885,52.517327,13.431464
14916,2022-02-28 23:53:34.695885,52.533789,13.426797
17316,2022-02-28 23:53:34.695885,52.502333,13.297253
14410,2022-02-28 23:53:34.695885,52.492342,13.424067
18368,2022-02-28 23:53:34.695885,52.511396,13.377757
18706,2022-02-28 23:53:34.695885,52.511516,13.40012
17314,2022-02-28 23:53:34.695885,52.502889,13.401943
16764,2022-02-28 23:53:34.695885,52.54288,13.425122
13757,2022-02-28 23:53:34.695885,52.500665,13.40838
15314,2022-02-28 23:53:34.695885,52.510707,13.436626
16043,2022-02-28 23:53:34.695885,52.520636,13.569307
13337,2022-02-28 23:53:34.695885,52.47969,13.454275
14943,2022-02-28 23:53:34.695885,52.523515,13.402543
14300,2022-02-28 23:53:34.695885,52.505793,13.320951
14566,2022-02-28 23:53:34.695885,52.4979,13.431278
16336,2022-02-28 23:53:34.695885,52.527757,13.381652
13198,2022-02-28 23:53:34.695885,52.508352,13.258626
13909,2022-02-28 23:53:34.695885,52.516662,13.309495
13440,2022-02-28 23:53:34.695885,52.473212,13.448912
13289,2022-02-28 23:53:34.695885,52.539039,13.407975
15065,2022-02-28 23:53:34.695885,52.511359,13.401207
14828,2022-02-28 23:53:34.695885,52.559275,13.379132
18028,2022-02-28 23:53:34.695885,52.499258,13.431077
14891,2022-02-28 23:53:34.695885,52.49151,13.457793
14696,2022-02-28 23:53:34.695885,52.514736,13.442688
16114,2022-02-28 23:53:34.695885,52.490312,13.442717
13964,2022-02-28 23:53:34.695885,52.475257,13.44738
13461,2022-02-28 23:53:34.695885,52.524018,13.415226
18216,2022-02-28 23:53:34.695885,52.500862,13.408472
13603,2022-02-28 23:53:34.695885,52.501878,13.409505
15824,2022-02-28 23:53:34.695885,52.480739,13.324341
14788,2022-02-28 23:53:34.695885,52.507879,13.4672
14324,2022-02-28 23:53:34.695885,52.522245,13.376212
17469,2022-02-28 23:53:34.695885,52.526627,13.380589
17560,2022-02-28 23:53:34.695885,52.495489,13.29326
13037,2022-02-28 23:53:34.695885,52.523677,13.378079
14249,2022-02-28 23:53:34.695885,52.518206,13.451047
16180,2022-02-28 23:53:34.695885,52.51718,13.437697
13264,2022-02-28 23:53:34.695885,52.518685,13.420444
19130,2022-02-28 23:53:34.695885,52.514453,13.474613
13081,2022-02-28 23:53:34.695885,52.511866,13.448478
13179,2022-02-28 23:53:34.695885,52.505706,13.33409
14395,2022-02-28 23:53:34.695885,52.500742,13.414993
14929,2022-02-28 23:53:34.695885,52.499697,13.296424
14982,2022-02-28 23:53:34.695885,52.509982,13.399026
16245,2022-02-28 23:53:34.695885,52.506872,13.391573
16151,2022-02-28 23:53:34.695885,52.500395,13.433965
14147,2022-02-28 23:53:34.695885,52.508687,13.441561
13077,2022-02-28 23:53:34.695885,52.517778,13.415887
14669,2022-02-28 23:53:34.695885,52.497006,13.425551
14435,2022-02-28 23:53:34.695885,52.512814,13.297447
14027,2022-02-28 23:53:34.695885,52.502813,13.438725
16063,2022-02-28 23:53:34.695885,52.535782,13.417292
13484,2022-02-28 23:53:34.695885,52.52461,13.363979
14974,2022-02-28 23:53:34.695885,52.518198,13.304415
16454,2022-02-28 23:53:34.695885,52.548884,13.404779
14506,2022-02-28 23:53:34.695885,52.530706,13.342681
13954,2022-02-28 23:53:34.695885,52.508619,13.350181
18586,2022-02-28 23:53:34.695885,52.50096,13.381879
17038,2022-02-28 23:53:34.695885,52.512516,13.411247
14514,2022-02-28 23:53:34.695885,52.525943,13.447811
13410,2022-02-28 23:53:34.695885,52.540371,13.390627
14461,2022-02-28 23:53:34.695885,52.47989,13.371418
15922,2022-02-28 23:53:34.695885,52.429615,13.467793
15232,2022-02-28 23:53:34.695885,52.502409,13.340925
13589,2022-02-28 23:53:34.695885,52.490076,13.336325
14340,2022-02-28 23:53:34.695885,52.504342,13.387174
15960,2022-02-28 23:53:34.695885,52.503007,13.287663
13020,2022-02-28 23:53:34.695885,52.482277,13.433198
15857,2022-02-28 23:53:34.695885,52.513027,13.462211
14880,2022-02-28 23:53:34.695885,52.524229,13.440953
13058,2022-02-28 23:53:34.695885,52.495524,13.366908
13639,2022-02-28 23:53:34.695885,52.472879,13.450286
16056,2022-02-28 23:53:34.695885,52.525304,13.415154
16083,2022-02-28 23:53:34.695885,52.509765,13.383615
15278,2022-02-28 23:53:34.695885,52.492121,13.390827
15912,2022-02-28 23:53:34.695885,52.478339,13.438949
13737,2022-02-28 23:53:34.695885,52.539298,13.384298
13352,2022-02-28 23:53:34.695885,52.542518,13.419538
13597,2022-02-28 23:53:34.695885,52.516366,13.378713
14432,2022-02-28 23:53:34.695885,52.542754,13.370111
13526,2022-02-28 23:53:34.695885,52.495067,13.405634
13165,2022-02-28 23:53:34.695885,52.529736,13.407354
14614,2022-02-28 23:53:34.695885,52.489953,13.38832
15393,2022-02-28 23:53:34.695885,52.551923,13.42084
16077,2022-02-28 23:53:34.695885,52.525133,13.405909
13082,2022-02-28 23:53:34.695885,52.516467,13.386198
15131,2022-02-28 23:53:34.695885,52.502411,13.325529
13393,2022-02-28 23:53:34.695885,52.52359,13.387888
19113,2022-02-28 23:53:34.695885,52.488627,13.339397
15292,2022-02-28 23:53:34.695885,52.530021,13.401083
15948,2022-02-28 23:53:34.695885,52.517582,13.431449
16195,2022-02-28 23:53:34.695885,52.523323,13.446641
13818,2022-02-28 23:53:34.695885,52.529007,13.430768
14412,2022-02-28 23:53:34.695885,52.530243,13.404382
13933,2022-02-28 23:53:34.695885,52.574585,13.428751
15109,2022-02-28 23:53:34.695885,52.517626,13.287836
14682,2022-02-28 23:53:34.695885,52.519238,13.313967
19164,2022-02-28 23:53:34.695885,52.512947,13.43242
13343,2022-02-28 23:53:34.695885,52.542381,13.610172
16239,2022-02-28 23:53:34.695885,52.502838,13.407219
13848,2022-02-28 23:53:34.695885,52.5005,13.423099
13122,2022-02-28 23:53:34.695885,52.485474,13.433402
13693,2022-02-28 23:53:34.695885,52.49615,13.390285
16066,2022-02-28 23:53:34.695885,52.515072,13.330483
14579,2022-02-28 23:53:34.695885,52.492458,13.392406
19226,2022-02-28 23:53:34.695885,52.503898,13.402547
16060,2022-02-28 23:53:34.695885,52.547054,13.367406
15201,2022-02-28 23:53:34.695885,52.497125,13.447682
16119,2022-02-28 23:53:34.695885,52.526644,13.367179
13472,2022-02-28 23:53:34.695885,52.529046,13.303838
17171,2022-02-28 23:53:34.695885,52.530418,13.454762
14483,2022-02-28 23:53:34.695885,52.477936,13.330133
14396,2022-02-28 23:53:34.695885,52.491314,13.386329
15255,2022-02-28 23:53:34.695885,52.549133,13.380713
14250,2022-02-28 23:53:34.695885,52.506653,13.285514
15325,2022-02-28 23:53:34.695885,52.510985,13.3214
13898,2022-02-28 23:53:34.695885,52.48629,13.440123
16169,2022-02-28 23:53:34.695885,52.539891,13.40624
13987,2022-02-28 23:53:34.695885,52.503348,13.411524
15367,2022-02-28 23:53:34.695885,52.485719,13.322665
14254,2022-02-28 23:53:34.695885,52.496385,13.365469
13902,2022-02-28 23:53:34.695885,52.499094,13.421068
14167,2022-02-28 23:53:34.695885,52.519224,13.399191
14948,2022-02-28 23:53:34.695885,52.499399,13.428706
13671,2022-02-28 23:53:34.695885,52.507209,13.38314
18212,2022-02-28 23:53:34.695885,52.513178,13.449872
16064,2022-02-28 23:53:34.695885,52.496939,13.425603
13331,2022-02-28 23:53:34.695885,52.502749,13.407267
13262,2022-02-28 23:53:34.695885,52.51701,13.383993
13130,2022-02-28 23:53:34.695885,52.502869,13.441213
15082,2022-02-28 23:53:34.695885,52.529261,13.371124
16342,2022-02-28 23:53:34.695885,52.42964,13.469112
15875,2022-02-28 23:53:34.695885,52.510417,13.459443
16059,2022-02-28 23:53:34.695885,52.509243,13.286399
13668,2022-02-28 23:53:34.695885,52.48881,13.419408
14806,2022-02-28 23:53:34.695885,52.489572,13.420941
13433,2022-02-28 23:53:34.695885,52.495735,13.419413
13641,2022-02-28 23:53:34.695885,52.521955,13.408092
13996,2022-02-28 23:53:34.695885,52.491297,13.456888
15829,2022-02-28 23:53:34.695885,52.500842,13.336667
15269,2022-02-28 23:53:34.695885,52.528458,13.480309
13784,2022-02-28 23:53:34.695885,52.504151,13.325361
16299,2022-02-28 23:53:34.695885,52.531227,13.394457
14654,2022-02-28 23:53:34.695885,52.505349,13.411264
13411,2022-02-28 23:53:34.695885,52.523977,13.402996
14122,2022-02-28 23:53:34.695885,52.525937,13.368124
13086,2022-02-28 23:53:34.695885,52.496576,13.466925
15261,2022-02-28 23:53:34.695885,52.527313,13.382458
13640,2022-02-28 23:53:34.695885,52.507128,13.330968
13687,2022-02-28 23:53:34.695885,52.468781,13.433273
14875,2022-02-28 23:53:34.695885,52.508811,13.389066
13763,2022-02-28 23:53:34.695885,52.524863,13.403255
13483,2022-02-28 23:53:34.695885,52.518891,13.454213
13890,2022-02-28 23:53:34.695885,52.537802,13.372167
15170,2022-02-28 23:53:34.695885,52.51385,13.337606
13710,2022-02-28 23:53:34.695885,52.503215,13.339065
14882,2022-02-28 23:53:34.695885,52.530354,13.415163
14459,2022-02-28 23:53:34.695885,52.537997,13.375906
13095,2022-02-28 23:53:34.695885,52.525408,13.40321
16240,2022-02-28 23:53:34.695885,52.490239,13.316436
13781,2022-02-28 23:53:34.695885,52.527999,13.394787
15220,2022-02-28 23:53:34.695885,52.525671,13.33977
13023,2022-02-28 23:53:34.695885,52.506076,13.373018
18272,2022-02-28 23:53:34.695885,52.520653,13.37742
16081,2022-02-28 23:53:34.695885,52.51852,13.396969
14822,2022-02-28 23:53:34.695885,52.517604,13.397343
13249,2022-02-28 23:53:34.695885,52.502901,13.339317
14388,2022-02-28 23:53:34.695885,52.483029,13.359059
16242,2022-02-28 23:53:34.695885,52.49266,13.439704
13752,2022-02-28 23:53:34.695885,52.506999,13.331156
14169,2022-02-28 23:53:34.695885,52.501432,13.425704
13380,2022-02-28 23:53:34.695885,52.549792,13.413784
16223,2022-02-28 23:53:34.695885,52.466596,13.257422
16198,2022-02-28 23:53:34.695885,52.533371,13.404256
15080,2022-02-28 23:53:34.695885,52.510984,13.306512
13188,2022-02-28 23:53:34.695885,52.531474,13.412425
13923,2022-02-28 23:53:34.695885,52.524665,13.412869
16603,2022-02-28 23:53:34.695885,52.503858,13.420376
14585,2022-02-28 23:53:34.695885,52.522152,13.413411
16203,2022-02-28 23:53:34.695885,52.50948,13.371838
14062,2022-02-28 23:53:34.695885,52.503738,13.387476
16350,2022-02-28 23:53:34.695885,52.488129,13.364067
14715,2022-02-28 23:53:34.695885,52.507725,13.467193
13112,2022-02-28 23:53:34.695885,52.53462,13.398369
14079,2022-02-28 23:53:34.695885,52.491618,13.492275
14476,2022-02-28 23:53:34.695885,52.50495,13.317181
15866,2022-02-28 23:53:34.695885,52.518372,13.432645
13735,2022-02-28 23:53:34.695885,52.526203,13.421986
13127,2022-02-28 23:53:34.695885,52.528714,13.405591
14116,2022-02-28 23:53:34.695885,52.52779,13.400763
15008,2022-02-28 23:53:34.695885,52.493894,13.381437
18558,2022-02-28 23:53:34.695885,52.528929,13.40523
14704,2022-02-28 23:53:34.695885,52.528404,13.393699
14035,2022-02-28 23:53:34.695885,52.484043,13.432114
19974,2022-02-28 23:53:34.695885,52.503375,13.437704
13875,2022-02-28 23:53:34.695885,52.507368,13.450379
14403,2022-02-28 23:53:34.695885,52.476793,13.447788
13476,2022-02-28 23:53:34.695885,52.472008,13.33911
13961,2022-02-28 23:53:34.695885,52.529452,13.298127
16238,2022-02-28 23:53:34.695885,52.469854,13.429971
13312,2022-02-28 23:53:34.695885,52.471736,13.435242
15826,2022-02-28 23:53:34.695885,52.477268,13.424049
13644,2022-02-28 23:53:34.695885,52.547177,13.369089
14348,2022-02-28 23:53:34.695885,52.505001,13.418107
14433,2022-02-28 23:53:34.695885,52.485284,13.453356
13297,2022-02-28 23:53:34.695885,52.529226,13.408071
14894,2022-02-28 23:53:34.695885,52.516681,13.418101
16185,2022-02-28 23:53:34.695885,52.516719,13.418089
15321,2022-02-28 23:53:34.695885,52.540315,13.470721
14072,2022-02-28 23:53:34.695885,52.509586,13.331176
14835,2022-02-28 23:53:34.695885,52.517653,13.287792
15138,2022-02-28 23:53:34.695885,52.511111,13.393795
16696,2022-02-28 23:53:34.695885,52.485156,13.386758
16112,2022-02-28 23:53:34.695885,52.478323,13.440027
14711,2022-02-28 23:53:34.695885,52.47005,13.427623
18332,2022-02-28 23:53:34.695885,52.508658,13.391569
13838,2022-02-28 23:53:34.695885,52.490366,13.448931
14980,2022-02-28 23:53:34.695885,52.540888,13.375105
14671,2022-02-28 23:53:34.695885,52.531897,13.399856
15236,2022-02-28 23:53:34.695885,52.465022,13.435486
14776,2022-02-28 23:53:34.695885,52.487255,13.420076
15159,2022-02-28 23:53:34.695885,52.467476,13.421053
16213,2022-02-28 23:53:34.695885,52.477928,13.38124
16217,2022-02-28 23:53:34.695885,52.492774,13.371099
14594,2022-02-28 23:53:34.695885,52.517242,13.403497
15865,2022-02-28 23:53:34.695885,52.491554,13.428635
15340,2022-02-28 23:53:34.695885,52.508893,13.33412
14707,2022-02-28 23:53:34.695885,52.534842,13.423892
16133,2022-02-28 23:53:34.695885,52.502934,13.445495
13517,2022-02-28 23:53:34.695885,52.514353,13.377611
14381,2022-02-28 23:53:34.695885,52.504981,13.44941
16455,2022-02-28 23:53:34.695885,52.520693,13.394692
13405,2022-02-28 23:53:34.695885,52.545106,13.35333
16199,2022-02-28 23:53:34.695885,52.551328,13.363325
15879,2022-02-28 23:53:34.695885,52.521288,13.38789
13190,2022-02-28 23:53:34.695885,52.501008,13.461495
15140,2022-02-28 23:53:34.695885,52.516834,13.390307
14559,2022-02-28 23:53:34.695885,52.521076,13.413981
14490,2022-02-28 23:53:34.695885,52.519017,13.400203
15066,2022-02-28 23:53:34.695885,52.482469,13.388475
14992,2022-02-28 23:53:34.695885,52.518633,13.407939
15317,2022-02-28 23:53:34.695885,52.509332,13.377107
13303,2022-02-28 23:53:34.695885,52.514951,13.361212
14876,2022-02-28 23:53:34.695885,52.514672,13.377881
13430,2022-02-28 23:53:34.695885,52.514713,13.38134
14571,2022-02-28 23:53:34.695885,52.520039,13.386339
15891,2022-02-28 23:53:34.695885,52.488432,13.373191
14266,2022-02-28 23:53:34.695885,52.521027,13.412366
15247,2022-02-28 23:53:34.695885,52.52075,13.412067
13358,2022-02-28 23:53:34.695885,52.514298,13.354299
16699,2022-02-28 23:53:34.695885,52.516831,13.344548
13733,2022-02-28 23:53:34.695885,52.518858,13.407331
14622,2022-02-28 23:53:34.695885,52.513157,13.37751
14587,2022-02-28 23:53:34.695885,52.512519,13.377094
13055,2022-02-28 23:53:34.695885,52.515661,13.386342
16310,2022-02-28 23:53:34.695885,52.515652,13.386416
15147,2022-02-28 23:53:34.695885,52.503749,13.384861
15051,2022-02-28 23:53:34.695885,52.517702,13.397747
13032,2022-02-28 23:53:34.695885,52.515625,13.386185
15368,2022-02-28 23:53:34.695885,52.515329,13.381887
14498,2022-02-28 23:53:34.695885,52.508782,13.376977
13513,2022-02-28 23:53:34.695885,52.518126,13.380848
14332,2022-02-28 23:53:34.695885,52.518419,13.380979
14209,2022-02-28 23:53:34.695885,52.51828,13.431034
15907,2022-02-28 23:53:34.695885,52.51877,13.406938
14224,2022-02-28 23:53:34.695885,52.526785,13.394767
13834,2022-02-28 23:53:34.695885,52.507191,13.263945
13022,2022-02-28 23:53:34.695885,52.524074,13.412771
13492,2022-02-28 23:53:34.695885,52.513446,13.337509
14596,2022-02-28 23:53:34.695885,52.51496,13.377643
15391,2022-02-28 23:53:34.695885,52.498024,13.389857
15243,2022-02-28 23:53:34.695885,52.49202,13.389545
16054,2022-02-28 23:53:34.695885,52.518478,13.407433
14466,2022-02-28 23:53:34.695885,52.518585,13.40731
15048,2022-02-28 23:53:34.695885,52.498153,13.389265
14787,2022-02-28 23:53:34.695885,52.513533,13.377386
13594,2022-02-28 23:53:34.695885,52.498914,13.442695
14607,2022-02-28 23:53:34.695885,52.490004,13.359803
13977,2022-02-28 23:53:34.695885,52.492286,13.423526
14467,2022-02-28 23:53:34.695885,52.514024,13.405476
16200,2022-02-28 23:53:34.695885,52.533418,13.387983
13567,2022-02-28 23:53:34.695885,52.515029,13.381485
15884,2022-02-28 23:53:34.695885,52.529841,13.380824
13282,2022-02-28 23:53:34.695885,52.517639,13.398473
14814,2022-02-28 23:53:34.695885,52.510038,13.282014
15295,2022-02-28 23:53:34.695885,52.513499,13.33765
15273,2022-02-28 23:53:34.695885,52.482079,13.431108
16329,2022-02-28 23:53:34.695885,52.529047,13.402075
14363,2022-02-28 23:53:34.695885,52.529875,13.401443
13379,2022-02-28 23:53:34.695885,52.529669,13.389522
14642,2022-02-28 23:53:34.695885,52.498444,13.44684
13566,2022-02-28 23:53:34.695885,52.510098,13.306755
14218,2022-02-28 23:53:34.695885,52.480805,13.360151
15074,2022-02-28 23:53:34.695885,52.513208,13.382534
14384,2022-02-28 23:53:34.695885,52.518839,13.38022
14653,2022-02-28 23:53:34.695885,52.5242,13.349492
13680,2022-02-28 23:53:34.695885,52.529907,13.38
13197,2022-02-28 23:53:34.695885,52.531684,13.396306
13218,2022-02-28 23:53:34.695885,52.492923,13.415296
13238,2022-02-28 23:53:34.695885,52.520187,13.411086
14310,2022-02-28 23:53:34.695885,52.517673,13.397837
15327,2022-02-28 23:53:34.695885,52.466574,13.481951
14727,2022-02-28 23:53:34.695885,52.466572,13.482006
13662,2022-02-28 23:53:34.695885,52.519193,13.377799
13674,2022-02-28 23:53:34.695885,52.527545,13.393011
15842,2022-02-28 23:53:34.695885,52.486484,13.31713
16013,2022-02-28 23:53:34.695885,52.516668,13.402533
13729,2022-02-28 23:53:34.695885,52.525482,13.401019
13291,2022-02-28 23:53:34.695885,52.498169,13.436177
15818,2022-02-28 23:53:34.695885,52.514957,13.395532
13299,2022-02-28 23:53:34.695885,52.502559,13.391079
16140,2022-02-28 23:53:34.695885,52.487426,13.354009
16340,2022-02-28 23:53:34.695885,52.482599,13.362395
13205,2022-02-28 23:53:34.695885,52.491734,13.412937
13367,2022-02-28 23:53:34.695885,52.520967,13.400437
16249,2022-02-28 23:53:34.695885,52.508578,13.465952
13144,2022-02-28 23:53:34.695885,52.514534,13.354469
13637,2022-02-28 23:53:34.695885,52.486684,13.355467
13229,2022-02-28 23:53:34.695885,52.488757,13.401118
14188,2022-02-28 23:53:34.695885,52.492279,13.391591
14856,2022-02-28 23:53:34.695885,52.492428,13.447988
15010,2022-02-28 23:53:34.695885,52.519397,13.37068
13791,2022-02-28 23:53:34.695885,52.483002,13.360323
14655,2022-02-28 23:53:34.695885,52.511414,13.277409
16356,2022-02-28 23:53:34.695885,52.483298,13.423207
13306,2022-02-28 23:53:34.695885,52.50425,13.451199
14247,2022-02-28 23:53:34.695885,52.529267,13.401817
13830,2022-02-28 23:53:34.695885,52.532264,13.395969
13326,2022-02-28 23:53:34.695885,52.509866,13.360816
13873,2022-02-28 23:53:34.695885,52.516441,13.386181
14009,2022-02-28 23:53:34.695885,52.42684,13.481568
15396,2022-02-28 23:53:34.695885,52.536519,13.426644
15373,2022-02-28 23:53:34.695885,52.517838,13.377002
16120,2022-02-28 23:53:34.695885,52.52363,13.402469
15067,2022-02-28 23:53:34.695885,52.527926,13.402772
16014,2022-02-28 23:53:34.695885,52.524416,13.407768
16092,2022-02-28 23:53:34.695885,52.486909,13.389229
13530,2022-02-28 23:53:34.695885,52.516004,13.394485
13172,2022-02-28 23:53:34.695885,52.490066,13.382147
14932,2022-02-28 23:53:34.695885,52.530429,13.448005
14670,2022-02-28 23:53:34.695885,52.513483,13.288294
13221,2022-02-28 23:53:34.695885,52.493177,13.322008
13290,2022-02-28 23:53:34.695885,52.4729,13.423538
13359,2022-02-28 23:53:34.695885,52.522976,13.402508
13770,2022-02-28 23:53:34.695885,52.526232,13.342422
13132,2022-02-28 23:53:34.695885,52.516632,13.382499
14717,2022-02-28 23:53:34.695885,52.535485,13.364025
14792,2022-02-28 23:53:34.695885,52.500829,13.421713
15134,2022-02-28 23:53:34.695885,52.489378,13.419509
13060,2022-02-28 23:53:34.695885,52.521642,13.298889
16188,2022-02-28 23:53:34.695885,52.482155,13.430141
14933,2022-02-28 23:53:34.695885,52.490634,13.417644
15389,2022-02-28 23:53:34.695885,52.528587,13.410422
14329,2022-02-28 23:53:34.695885,52.491187,13.392054
13460,2022-02-28 23:53:34.695885,52.554179,13.369225
13702,2022-02-28 23:53:34.695885,52.497602,13.449402
13808,2022-02-28 23:53:34.695885,52.520123,13.411078
14261,2022-02-28 23:53:34.695885,52.528097,13.410843
14522,2022-02-28 23:53:34.695885,52.503421,13.398491
14901,2022-02-28 23:53:34.695885,52.490453,13.448939
16197,2022-02-28 23:53:34.695885,52.500455,13.30029
14056,2022-02-28 23:53:34.695885,52.548813,13.404854
16104,2022-02-28 23:53:34.695885,52.514988,13.359794
16279,2022-02-28 23:53:34.695885,52.543129,13.423524
13457,2022-02-28 23:53:34.695885,52.486602,13.375401
15854,2022-02-28 23:53:34.695885,52.513162,13.322144
14628,2022-02-28 23:53:34.695885,52.544279,13.414959
13876,2022-02-28 23:53:34.695885,52.518074,13.500546
16257,2022-02-28 23:53:34.695885,52.521738,13.324911
16030,2022-02-28 23:53:34.695885,52.514969,13.463732
15807,2022-02-28 23:53:34.695885,52.526162,13.389864
13382,2022-02-28 23:53:34.695885,52.529135,13.401713
13496,2022-02-28 23:53:34.695885,52.491399,13.403088
13486,2022-02-28 23:53:34.695885,52.50168,13.37121
14044,2022-02-28 23:53:34.695885,52.516712,13.291387
14263,2022-02-28 23:53:34.695885,52.52806,13.369669
13355,2022-02-28 23:53:34.695885,52.494142,13.394078
13339,2022-02-28 23:53:34.695885,52.464605,13.326034
16569,2022-02-28 23:53:34.695885,52.521169,13.412496
17670,2022-02-28 23:53:34.695885,52.515093,13.448104
16009,2022-02-28 23:53:34.695885,52.501947,13.428385
13244,2022-02-28 23:53:34.695885,52.543378,13.338908
15258,2022-02-28 23:53:34.695885,52.473265,13.465364
15961,2022-02-28 23:53:34.695885,52.505181,13.448727
15141,2022-02-28 23:53:34.695885,52.510285,13.401439
18907,2022-02-28 23:53:34.695885,52.474569,13.366949
18996,2022-02-28 23:53:34.695885,52.502458,13.415671
14834,2022-02-28 23:53:34.695885,52.514694,13.471038
13160,2022-02-28 23:53:34.695885,52.518125,13.380855
13377,2022-02-28 23:53:34.695885,52.512335,13.326336
13758,2022-02-28 23:53:34.695885,52.534856,13.381988
15208,2022-02-28 23:53:34.695885,52.537909,13.420191
16290,2022-02-28 23:53:34.695885,52.539107,13.383939
14202,2022-02-28 23:53:34.695885,52.507874,13.39442
13860,2022-02-28 23:53:34.695885,52.482482,13.438699
13320,2022-02-28 23:53:34.695885,52.494394,13.356727
13999,2022-02-28 23:53:34.695885,52.505973,13.328234
17087,2022-02-28 23:53:34.695885,52.497151,13.342651
14789,2022-02-28 23:53:34.695885,52.49615,13.367882
16990,2022-02-28 23:53:34.695885,52.478689,13.441623
17146,2022-02-28 23:53:34.695885,52.523738,13.38927
13477,2022-02-28 23:53:34.695885,52.503252,13.365632
16181,2022-02-28 23:53:34.695885,52.492578,13.459443
16044,2022-02-28 23:53:34.695885,52.503878,13.330573
16363,2022-02-28 23:53:34.695885,52.503932,13.330138
13958,2022-02-28 23:53:34.695885,52.50155,13.36395
16137,2022-02-28 23:53:34.695885,52.516655,13.379728
16032,2022-02-28 23:53:34.695885,52.512774,13.377353
13252,2022-02-28 23:53:34.695885,52.533542,13.362756
13345,2022-02-28 23:53:34.695885,52.531434,13.361498
14273,2022-02-28 23:53:34.695885,52.491508,13.384598
19981,2022-02-28 23:53:34.695885,52.526189,13.365029
16468,2022-02-28 23:53:34.695885,52.488044,13.423019
15388,2022-02-28 23:53:34.695885,52.501256,13.428615
17435,2022-02-28 23:53:34.695885,52.501009,13.431628
13554,2022-02-28 23:53:34.695885,52.520233,13.401366
13608,2022-02-28 23:53:34.695885,52.489081,13.421599
14094,2022-02-28 23:53:34.695885,52.489024,13.42164
15071,2022-02-28 23:53:34.695885,52.50555,13.364133
14774,2022-02-28 23:53:34.695885,52.488147,13.34097
14200,2022-02-28 23:53:34.695885,52.531773,13.408141
16177,2022-02-28 23:53:34.695885,52.482447,13.376284
16389,2022-02-28 23:53:34.695885,52.526587,13.297037
15959,2022-02-28 23:53:34.695885,52.490416,13.423345
14068,2022-02-28 23:53:34.695885,52.516723,13.378334
18072,2022-02-28 23:53:34.695885,52.51136,13.376807
16845,2022-02-28 23:53:34.695885,52.519667,13.296786
17988,2022-02-28 23:53:34.695885,52.519693,13.296876
13545,2022-02-28 23:53:34.695885,52.519342,13.298665
15228,2022-02-28 23:53:34.695885,52.52227,13.28799
14013,2022-02-28 23:53:34.695885,52.519297,13.33994
14821,2022-02-28 23:53:34.695885,52.529258,13.591464
13452,2022-02-28 23:53:34.695885,52.474711,13.366429
17263,2022-02-28 23:53:34.695885,52.521836,13.303636
16159,2022-02-28 23:53:34.695885,52.506217,13.449285
16314,2022-02-28 23:53:34.695885,52.510556,13.310769
15900,2022-02-28 23:53:34.695885,52.544871,13.42969
13234,2022-02-28 23:53:34.695885,52.482298,13.432934
13232,2022-02-28 23:53:34.695885,52.509897,13.401785
16241,2022-02-28 23:53:34.695885,52.508141,13.434924
14861,2022-02-28 23:53:34.695885,52.519194,13.402897
14812,2022-02-28 23:53:34.695885,52.488422,13.301169
19106,2022-02-28 23:53:34.695885,52.546409,13.402354
14265,2022-02-28 23:53:34.695885,52.489789,13.392882
17621,2022-02-28 23:53:34.695885,52.519369,13.437537
16850,2022-02-28 23:53:34.695885,52.540827,13.422591
13844,2022-02-28 23:53:34.695885,52.5058,13.319709
15090,2022-02-28 23:53:34.695885,52.519125,13.450385
17153,2022-02-28 23:53:34.695885,52.501822,13.314973
14897,2022-02-28 23:53:34.695885,52.520275,13.391125
15387,2022-02-28 23:53:34.695885,52.523926,13.36913
16436,2022-02-28 23:53:34.695885,52.527716,13.381687
16287,2022-02-28 23:53:34.695885,52.49577,13.310752
13941,2022-02-28 23:53:34.695885,52.477251,13.435815
16667,2022-02-28 23:53:34.695885,52.503516,13.339606
13859,2022-02-28 23:53:34.695885,52.504147,13.333936
13463,2022-02-28 23:53:34.695885,52.489972,13.381929
18512,2022-02-28 23:53:34.695885,52.52728,13.408394
16094,2022-02-28 23:53:34.695885,52.489646,13.349179
14438,2022-02-28 23:53:34.695885,52.497236,13.412371
15832,2022-02-28 23:53:34.695885,52.511337,13.459231
16670,2022-02-28 23:53:34.695885,52.524596,13.407929
13912,2022-02-28 23:53:34.695885,52.490233,13.393997
14074,2022-02-28 23:53:34.695885,52.488002,13.422476
15069,2022-02-28 23:53:34.695885,52.51452,13.377701
13832,2022-02-28 23:53:34.695885,52.512855,13.465839
19392,2022-02-28 23:53:34.695885,52.514462,13.377688
17704,2022-02-28 23:53:34.695885,52.505484,13.41431
13455,2022-02-28 23:53:34.695885,52.533042,13.422704
14025,2022-02-28 23:53:34.695885,52.482553,13.355216
13448,2022-02-28 23:53:34.695885,52.481782,13.444303
16438,2022-02-28 23:53:34.695885,52.530013,13.401514
14680,2022-02-28 23:53:34.695885,52.480759,13.421013
14965,2022-02-28 23:53:34.695885,52.503434,13.301386
14662,2022-02-28 23:53:34.695885,52.522161,13.371008
18538,2022-02-28 23:53:34.695885,52.508489,13.434442
13184,2022-02-28 23:53:34.695885,52.533498,13.402921
16268,2022-02-28 23:53:34.695885,52.500869,13.304337
19197,2022-02-28 23:53:34.695885,52.48212,13.434847
13360,2022-02-28 23:53:34.695885,52.492746,13.389204
17498,2022-02-28 23:53:34.695885,52.548373,13.413482
17272,2022-02-28 23:53:34.695885,52.527151,13.412991
17335,2022-02-28 23:53:34.695885,52.489738,13.382249
13596,2022-02-28 23:53:34.695885,52.522229,13.405024
16715,2022-02-28 23:53:34.695885,52.509831,13.429936
14852,2022-02-28 23:53:34.695885,52.532892,13.380011
14938,2022-02-28 23:53:34.695885,52.502652,13.406666
19373,2022-02-28 23:53:34.695885,52.484556,13.479816
18254,2022-02-28 23:53:34.695885,52.52224,13.388607
15354,2022-02-28 23:53:34.695885,52.487775,13.424897
16776,2022-02-28 23:53:34.695885,52.493236,13.38525
15240,2022-02-28 23:53:34.695885,52.517547,13.296414
16472,2022-02-28 23:53:34.695885,52.467164,13.388267
17978,2022-02-28 23:53:34.695885,52.524342,13.409084
13748,2022-02-28 23:53:34.695885,52.501324,13.376435
17090,2022-02-28 23:53:34.695885,52.541244,13.498014
13976,2022-02-28 23:53:34.695885,52.51156,13.375274
14547,2022-02-28 23:53:34.695885,52.473359,13.426128
18740,2022-02-28 23:53:34.695885,52.519,13.380009
15062,2022-02-28 23:53:34.695885,52.475461,13.364605
16950,2022-02-28 23:53:34.695885,52.473818,13.439663
16988,2022-02-28 23:53:34.695885,52.525693,13.403352
17996,2022-02-28 23:53:34.695885,52.500409,13.442977
13650,2022-02-28 23:53:34.695885,52.506632,13.332505
13015,2022-02-28 23:53:34.695885,52.521139,13.405884
13568,2022-02-28 23:53:34.695885,52.478174,13.343326
14545,2022-02-28 23:53:34.695885,52.487127,13.436948
14729,2022-02-28 23:53:34.695885,52.492476,13.427958
17142,2022-02-28 23:53:34.695885,52.519,13.380239
17148,2022-02-28 23:53:34.695885,52.489102,13.375022
16989,2022-02-28 23:53:34.695885,52.494507,13.418719
18700,2022-02-28 23:53:34.695885,52.492511,13.388501
14866,2022-02-28 23:53:34.695885,52.490139,13.354689
13426,2022-02-28 23:53:34.695885,52.513519,13.319053
14553,2022-02-28 23:53:34.695885,52.513666,13.318658
16550,2022-02-28 23:53:34.695885,52.498289,13.442996
18326,2022-02-28 23:53:34.695885,52.486867,13.424217
17707,2022-02-28 23:53:34.695885,52.497858,13.324583
16131,2022-02-28 23:53:34.695885,52.528288,13.409248
16232,2022-02-28 23:53:34.695885,52.487903,13.415539
17083,2022-02-28 23:53:34.695885,52.506671,13.308438
13823,2022-02-28 23:53:34.695885,52.488727,13.307572
13192,2022-02-28 23:53:34.695885,52.493818,13.418624
15068,2022-02-28 23:53:34.695885,52.518819,13.292367
13465,2022-02-28 23:53:34.695885,52.509819,13.378421
13960,2022-02-28 23:53:34.695885,52.497091,13.420608
14143,2022-02-28 23:53:34.695885,52.482669,13.363467
14568,2022-02-28 23:53:34.695885,52.475959,13.425713
16537,2022-02-28 23:53:34.695885,52.520644,13.324119
17541,2022-02-28 23:53:34.695885,52.46508,13.496428
13134,2022-02-28 23:53:34.695885,52.50279,13.467329
18638,2022-02-28 23:53:34.695885,52.483951,13.428909
14620,2022-02-28 23:53:34.695885,52.509674,13.439787
15380,2022-02-28 23:53:34.695885,52.51027,13.45834
13363,2022-02-28 23:53:34.695885,52.489271,13.424497
19131,2022-02-28 23:53:34.695885,52.470502,13.442133
16798,2022-02-28 23:53:34.695885,52.491187,13.446216
15029,2022-02-28 23:53:34.695885,52.501907,13.327166
18253,2022-02-28 23:53:34.695885,52.521449,13.413613
17630,2022-02-28 23:53:34.695885,52.517684,13.31745
18145,2022-02-28 23:53:34.695885,52.523538,13.398237
19317,2022-02-28 23:53:34.695885,52.472844,13.425294
17058,2022-02-28 23:53:34.695885,52.497564,13.445323
17810,2022-02-28 23:53:34.695885,52.511222,13.450291
17790,2022-02-28 23:53:34.695885,52.487227,13.349442
17290,2022-02-28 23:53:34.695885,52.495849,13.423113
17079,2022-02-28 23:53:34.695885,52.494067,13.411557
17736,2022-02-28 23:53:34.695885,52.505631,13.44721
18613,2022-02-28 23:53:34.695885,52.523573,13.393172
18127,2022-02-28 23:53:34.695885,52.483942,13.400188
14825,2022-02-28 23:53:34.695885,52.503939,13.405121
18237,2022-02-28 23:53:34.695885,52.499267,13.439807
18132,2022-02-28 23:53:34.695885,52.506902,13.378357
17018,2022-02-28 23:53:34.695885,52.511124,13.379513
17931,2022-02-28 23:53:34.695885,52.499591,13.343068
16901,2022-02-28 23:53:34.695885,52.528338,13.338759
17080,2022-02-28 23:53:34.695885,52.507862,13.309362
15441,2022-02-28 23:53:34.695885,52.47976,13.333026
17221,2022-02-28 23:53:34.695885,52.498218,13.523407
17527,2022-02-28 23:53:34.695885,52.488631,13.391312
18133,2022-02-28 23:53:34.695885,52.487262,13.326552
17804,2022-02-28 23:53:34.695885,52.498609,13.44644
17063,2022-02-28 23:53:34.695885,52.498893,13.428214
15443,2022-02-28 23:53:34.695885,52.520822,13.387964
16951,2022-02-28 23:53:34.695885,52.499547,13.425362
17911,2022-02-28 23:53:34.695885,52.50328,13.488362
16895,2022-02-28 23:53:34.695885,52.502662,13.413677
18002,2022-02-28 23:53:34.695885,52.530893,13.444702
18823,2022-02-28 23:53:34.695885,52.552107,13.374961
19383,2022-02-28 23:53:34.695885,52.507013,13.37821
18397,2022-02-28 23:53:34.695885,52.519467,13.388842
19193,2022-02-28 23:53:34.695885,52.535133,13.39822
17394,2022-02-28 23:53:34.695885,52.502098,13.30535
17767,2022-02-28 23:53:34.695885,52.522871,13.381771
16971,2022-02-28 23:53:34.695885,52.505169,13.449957
17948,2022-02-28 23:53:34.695885,52.514551,13.396037
18056,2022-02-28 23:53:34.695885,52.519667,13.416976
19169,2022-02-28 23:53:34.695885,52.510098,13.405729
18923,2022-02-28 23:53:34.695885,52.518347,13.417411
19298,2022-02-28 23:53:34.695885,52.499382,13.311298
18060,2022-02-28 23:53:34.695885,52.49908,13.419234
19077,2022-02-28 23:53:34.695885,52.489324,13.412936
16825,2022-02-28 23:53:34.695885,52.523747,13.400918
17004,2022-02-28 23:53:34.695885,52.519498,13.379788
18251,2022-02-28 23:53:34.695885,52.526831,13.401751
16637,2022-02-28 23:53:34.695885,52.512484,13.443011
18951,2022-02-28 23:53:34.695885,52.486222,13.442539
19035,2022-02-28 23:53:34.695885,52.547778,13.356583
17370,2022-02-28 23:53:34.695885,52.49208,13.419428
18973,2022-02-28 23:53:34.695885,52.519827,13.314471
16531,2022-02-28 23:53:34.695885,52.479916,13.362659
18089,2022-02-28 23:53:34.695885,52.471933,13.45098
18532,2022-02-28 23:53:34.695885,52.512173,13.426381
13747,2022-02-28 23:53:34.695885,52.510629,13.462454
18908,2022-02-28 23:53:34.695885,52.481956,13.439591
15195,2022-02-28 23:53:34.695885,52.486796,13.336878
16992,2022-02-28 23:53:34.695885,52.492187,13.369196
18848,2022-02-28 23:53:34.695885,52.503244,13.383556
18534,2022-02-28 23:53:34.695885,52.506636,13.330009
17578,2022-02-28 23:53:34.695885,52.521169,13.388122
17798,2022-02-28 23:53:34.695885,52.516089,13.462292
17399,2022-02-28 23:53:34.695885,52.506827,13.461491
17024,2022-02-28 23:53:34.695885,52.509853,13.299457
15476,2022-02-28 23:53:34.695885,52.512916,13.382621
18566,2022-02-28 23:53:34.695885,52.502436,13.398281
15534,2022-02-28 23:53:34.695885,52.491764,13.41219
16401,2022-02-28 23:53:34.695885,52.501342,13.441577
15106,2022-02-28 23:53:34.695885,52.5162,13.394852
18199,2022-02-28 23:53:34.695885,52.4986,13.316524
16636,2022-02-28 23:53:34.695885,52.510351,13.441136
15404,2022-02-28 23:53:34.695885,52.498462,13.431036
17099,2022-02-28 23:53:34.695885,52.505258,13.397461
17693,2022-02-28 23:53:34.695885,52.500791,13.307168
17765,2022-02-28 23:53:34.695885,52.493822,13.411521
18708,2022-02-28 23:53:34.695885,52.509813,13.410233
17815,2022-02-28 23:53:34.695885,52.499169,13.420792
18963,2022-02-28 23:53:34.695885,52.500236,13.418497
17673,2022-02-28 23:53:34.695885,52.480396,13.436546
18804,2022-02-28 23:53:34.695885,52.505347,13.466414
17322,2022-02-28 23:53:34.695885,52.527516,13.393329
16686,2022-02-28 23:53:34.695885,52.473711,13.45103
17786,2022-02-28 23:53:34.695885,52.502098,13.417753
18644,2022-02-28 23:53:34.695885,52.52656,13.34305
18820,2022-02-28 23:53:34.695885,52.496387,13.404598
19323,2022-02-28 23:53:34.695885,52.506218,13.373944
19276,2022-02-28 23:53:34.695885,52.475169,13.366321
17524,2022-02-28 23:53:34.695885,52.499987,13.474966
19161,2022-02-28 23:53:34.695885,52.49172,13.42304
17299,2022-02-28 23:53:34.695885,52.5084,13.377228
16658,2022-02-28 23:53:34.695885,52.499316,13.322912
18026,2022-02-28 23:53:34.695885,52.538378,13.425798
18006,2022-02-28 23:53:34.695885,52.538573,13.405577
16710,2022-02-28 23:53:34.695885,52.531529,13.412674
14994,2022-02-28 23:53:34.695885,52.54244,13.356657
19218,2022-02-28 23:53:34.695885,52.483391,13.438898
15179,2022-02-28 23:53:34.695885,52.510636,13.293638
19042,2022-02-28 23:53:34.695885,52.494809,13.429521
16554,2022-02-28 23:53:34.695885,52.510289,13.374411
17015,2022-02-28 23:53:34.695885,52.484636,13.431123
18576,2022-02-28 23:53:34.695885,52.501378,13.417094
18039,2022-02-28 23:53:34.695885,52.523364,13.385581
18296,2022-02-28 23:53:34.695885,52.5268,13.369796
18889,2022-02-28 23:53:34.695885,52.50428,13.286941
17478,2022-02-28 23:53:34.695885,52.4948,13.412467
17913,2022-02-28 23:53:34.695885,52.489836,13.390539
17891,2022-02-28 23:53:34.695885,52.546422,13.407323
18059,2022-02-28 23:53:34.695885,52.47912,13.445431
16898,2022-02-28 23:53:34.695885,52.540289,13.369646
18328,2022-02-28 23:53:34.695885,52.501587,13.419607
18877,2022-02-28 23:53:34.695885,52.530778,13.444643
18528,2022-02-28 23:53:34.695885,52.503067,13.33919
19132,2022-02-28 23:53:34.695885,52.516244,13.40557
16855,2022-02-28 23:53:34.695885,52.50852,13.41149
17471,2022-02-28 23:53:34.695885,52.526453,13.393644
17223,2022-02-28 23:53:34.695885,52.488849,13.40057
18746,2022-02-28 23:53:34.695885,52.516062,13.394537
15176,2022-02-28 23:53:34.695885,52.506787,13.331152
16842,2022-02-28 23:53:34.695885,52.514671,13.377264
16694,2022-02-28 23:53:34.695885,52.489551,13.441701
18044,2022-02-28 23:53:34.695885,52.534431,13.394791
18546,2022-02-28 23:53:34.695885,52.50988,13.401606
16903,2022-02-28 23:53:34.695885,52.473151,13.44908
15521,2022-02-28 23:53:34.695885,52.505773,13.318201
17445,2022-02-28 23:53:34.695885,52.508409,13.479916
17735,2022-02-28 23:53:34.695885,52.503289,13.322077
18146,2022-02-28 23:53:34.695885,52.504631,13.378488
16517,2022-02-28 23:53:34.695885,52.543622,13.374378
18029,2022-02-28 23:53:34.695885,52.486702,13.390868
16582,2022-02-28 23:53:34.695885,52.506671,13.306634
18096,2022-02-28 23:53:34.695885,52.523827,13.415226
16512,2022-02-28 23:53:34.695885,52.488249,13.419247
17841,2022-02-28 23:53:34.695885,52.464671,13.32303
19180,2022-02-28 23:53:34.695885,52.505316,13.368327
18775,2022-02-28 23:53:34.695885,52.505582,13.466554
18682,2022-02-28 23:53:34.695885,52.528987,13.385189
19005,2022-02-28 23:53:34.695885,52.515444,13.407794
18629,2022-02-28 23:53:34.695885,52.502569,13.406688
15431,2022-02-28 23:53:34.695885,52.524813,13.407176
17102,2022-02-28 23:53:34.695885,52.483698,13.374137
17660,2022-02-28 23:53:34.695885,52.503742,13.403202
16723,2022-02-28 23:53:34.695885,52.520133,13.399547
17751,2022-02-28 23:53:34.695885,52.532724,13.410042
15472,2022-02-28 23:53:34.695885,52.519302,13.397517
18778,2022-02-28 23:53:34.695885,52.514907,13.439803
17249,2022-02-28 23:53:34.695885,52.507227,13.394382
18192,2022-02-28 23:53:34.695885,52.502693,13.339402
16098,2022-02-28 23:53:34.695885,52.495254,13.382635
16973,2022-02-28 23:53:34.695885,52.521111,13.394287
17125,2022-02-28 23:53:34.695885,52.490027,13.355111
18600,2022-02-28 23:53:34.695885,52.500147,13.369733
15483,2022-02-28 23:53:34.695885,52.512751,13.450844
18473,2022-02-28 23:53:34.695885,52.478236,13.431269
18086,2022-02-28 23:53:34.695885,52.52096,13.413996
18228,2022-02-28 23:53:34.695885,52.554271,13.369607
14425,2022-02-28 23:53:34.695885,52.48736,13.389904
18360,2022-02-28 23:53:34.695885,52.541396,13.41985
17350,2022-02-28 23:53:34.695885,52.497387,13.424349
18931,2022-02-28 23:53:34.695885,52.52448,13.370669
18037,2022-02-28 23:53:34.695885,52.507311,13.461234
15183,2022-02-28 23:53:34.695885,52.49388,13.294798
17382,2022-02-28 23:53:34.695885,52.521364,13.416434
15199,2022-02-28 23:53:34.695885,52.509164,13.37887
18760,2022-02-28 23:53:34.695885,52.510733,13.372933
16376,2022-02-28 23:53:34.695885,52.506662,13.283723
17555,2022-02-28 23:53:34.695885,52.481778,13.365409
18732,2022-02-28 23:53:34.695885,52.524156,13.37053
18400,2022-02-28 23:53:34.695885,52.504533,13.332188
19350,2022-02-28 23:53:34.695885,52.492667,13.428312
18231,2022-02-28 23:53:34.695885,52.512507,13.296487
16860,2022-02-28 23:53:34.695885,52.525067,13.386704
18499,2022-02-28 23:53:34.695885,52.487462,13.437136
16600,2022-02-28 23:53:34.695885,52.493222,13.414179
16956,2022-02-28 23:53:34.695885,52.477489,13.422083
17106,2022-02-28 23:53:34.695885,52.490156,13.387997
18160,2022-02-28 23:53:34.695885,52.492231,13.402936
17348,2022-02-28 23:53:34.695885,52.500324,13.339522
18169,2022-02-28 23:53:34.695885,52.527422,13.416073
19023,2022-02-28 23:53:34.695885,52.511858,13.435667
16843,2022-02-28 23:53:34.695885,52.47732,13.423853
17224,2022-02-28 23:53:34.695885,52.517076,13.392711
16577,2022-02-28 23:53:34.695885,52.478249,13.443343
17845,2022-02-28 23:53:34.695885,52.512129,13.474293
17366,2022-02-28 23:53:34.695885,52.502978,13.292123
13051,2022-02-28 23:53:34.695885,52.51528,13.398324
18299,2022-02-28 23:53:34.695885,52.488044,13.415057
18380,2022-02-28 23:53:34.695885,52.509364,13.367354
17356,2022-02-28 23:53:34.695885,52.501644,13.346527
18782,2022-02-28 23:53:34.695885,52.46804,13.426533
14816,2022-02-28 23:53:34.695885,52.534778,13.365443
18330,2022-02-28 23:53:34.695885,52.498511,13.439486
17497,2022-02-28 23:53:34.695885,52.526164,13.451511
18718,2022-02-28 23:53:34.695885,52.547747,13.388566
18772,2022-02-28 23:53:34.695885,52.493284,13.347388
19029,2022-02-28 23:53:34.695885,52.474716,13.366766
16927,2022-02-28 23:53:34.695885,52.492716,13.354877
17344,2022-02-28 23:53:34.695885,52.547693,13.369216
18047,2022-02-28 23:53:34.695885,52.508373,13.413416
18828,2022-02-28 23:53:34.695885,52.502973,13.415456
17739,2022-02-28 23:53:34.695885,52.532982,13.333812
15496,2022-02-28 23:53:34.695885,52.483053,13.432531
18868,2022-02-28 23:53:34.695885,52.543969,13.426699
16916,2022-02-28 23:53:34.695885,52.512222,13.46545
18812,2022-02-28 23:53:34.695885,52.500236,13.43714
17441,2022-02-28 23:53:34.695885,52.547102,13.418774
17902,2022-02-28 23:53:34.695885,52.519444,13.398077
18861,2022-02-28 23:53:34.695885,52.512996,13.330611
18978,2022-02-28 23:53:34.695885,52.49312,13.395773
16724,2022-02-28 23:53:34.695885,52.495858,13.345094
16714,2022-02-28 23:53:34.695885,52.518822,13.406918
17473,2022-02-28 23:53:34.695885,52.501844,13.301297
18131,2022-02-28 23:53:34.695885,52.489373,13.349171
19330,2022-02-28 23:53:34.695885,52.51088,13.460984
17687,2022-02-28 23:53:34.695885,52.524,13.369484
17129,2022-02-28 23:53:34.695885,52.487711,13.373492
17862,2022-02-28 23:53:34.695885,52.5232,13.378817
16556,2022-02-28 23:53:34.695885,52.488396,13.347611
18022,2022-02-28 23:53:34.695885,52.505053,13.334009
16648,2022-02-28 23:53:34.695885,52.529009,13.401927
18464,2022-02-28 23:53:34.695885,52.510164,13.457876
18071,2022-02-28 23:53:34.695885,52.486124,13.429513
19279,2022-02-28 23:53:34.695885,52.517622,13.341958
17608,2022-02-28 23:53:34.695885,52.525951,13.336531
16490,2022-02-28 23:53:34.695885,52.472476,13.419917
16663,2022-02-28 23:53:34.695885,52.480582,13.434744
16832,2022-02-28 23:53:34.695885,52.54336,13.441609
17233,2022-02-28 23:53:34.695885,52.511231,13.471484
16573,2022-02-28 23:53:34.695885,52.482316,13.453719
17964,2022-02-28 23:53:34.695885,52.505404,13.41759
17657,2022-02-28 23:53:34.695885,52.528307,13.447249
17419,2022-02-28 23:53:34.695885,52.524867,13.342609
18641,2022-02-28 23:53:34.695885,52.529556,13.379324
18356,2022-02-28 23:53:34.695885,52.491244,13.324901
17680,2022-02-28 23:53:34.695885,52.494009,13.362357
16968,2022-02-28 23:53:34.695885,52.500587,13.358594
15419,2022-02-28 23:53:34.695885,52.476916,13.441256
16423,2022-02-28 23:53:34.695885,52.52548,13.401172
16585,2022-02-28 23:53:34.695885,52.497338,13.419389
19092,2022-02-28 23:53:34.695885,52.489493,13.399858
17122,2022-02-28 23:53:34.695885,52.518533,13.407232
17825,2022-02-28 23:53:34.695885,52.491316,13.348041
18462,2022-02-28 23:53:34.695885,52.511556,13.329293
17298,2022-02-28 23:53:34.695885,52.50292,13.317002
17626,2022-02-28 23:53:34.695885,52.494449,13.303397
17117,2022-02-28 23:53:34.695885,52.522324,13.388318
17840,2022-02-28 23:53:34.695885,52.490893,13.319303
15449,2022-02-28 23:53:34.695885,52.510031,13.373684
17493,2022-02-28 23:53:34.695885,52.528987,13.401794
15451,2022-02-28 23:53:34.695885,52.513556,13.475063
19259,2022-02-28 23:53:34.695885,52.508822,13.36935
16683,2022-02-28 23:53:34.695885,52.526991,13.396216
15126,2022-02-28 23:53:34.695885,52.508178,13.434884
13836,2022-02-28 23:53:34.695885,52.492284,13.436038
16526,2022-02-28 23:53:34.695885,52.500333,13.418584
18569,2022-02-28 23:53:34.695885,52.494773,13.301451
14112,2022-02-28 23:53:34.695885,52.486192,13.442924
16733,2022-02-28 23:53:34.695885,52.477476,13.436514
16641,2022-02-28 23:53:34.695885,52.517449,13.404514
14953,2022-02-28 23:53:34.695885,52.517507,13.469043
17772,2022-02-28 23:53:34.695885,52.494107,13.338908
18888,2022-02-28 23:53:34.695885,52.4632,13.319643
17652,2022-02-28 23:53:34.695885,52.535093,13.364274
17389,2022-02-28 23:53:34.695885,52.490538,13.418902
16965,2022-02-28 23:53:34.695885,52.487116,13.326528
15855,2022-02-28 23:53:34.695885,52.510033,13.45548
17387,2022-02-28 23:53:34.695885,52.498747,13.419019
17783,2022-02-28 23:53:34.695885,52.518556,13.407323
17198,2022-02-28 23:53:34.695885,52.515267,13.287736
18950,2022-02-28 23:53:34.695885,52.516893,13.433149
16586,2022-02-28 23:53:34.695885,52.521093,13.327587
16495,2022-02-28 23:53:34.695885,52.517449,13.39113
18730,2022-02-28 23:53:34.695885,52.50284,13.341336
17172,2022-02-28 23:53:34.695885,52.526498,13.381108
18670,2022-02-28 23:53:34.695885,52.505227,13.450069
19281,2022-02-28 23:53:34.695885,52.506218,13.463853
18988,2022-02-28 23:53:34.695885,52.484196,13.323417
18177,2022-02-28 23:53:34.695885,52.529498,13.347681
17495,2022-02-28 23:53:34.695885,52.5028,13.414187
18649,2022-02-28 23:53:34.695885,52.492831,13.360843
18260,2022-02-28 23:53:34.695885,52.569653,13.411261
19000,2022-02-28 23:53:34.695885,52.545222,13.421114
19154,2022-02-28 23:53:34.695885,52.51136,13.433978
17570,2022-02-28 23:53:34.695885,52.524364,13.40893
18460,2022-02-28 23:53:34.695885,52.469862,13.429942
18921,2022-02-28 23:53:34.695885,52.458969,13.355318
17206,2022-02-28 23:53:34.695885,52.523698,13.415592
19314,2022-02-28 23:53:34.695885,52.472391,13.419733
13137,2022-02-28 23:53:34.695885,52.532924,13.426092
16466,2022-02-28 23:53:34.695885,52.510244,13.455304
19148,2022-02-28 23:53:34.695885,52.471796,13.44305
18202,2022-02-28 23:53:34.695885,52.471071,13.452162
17213,2022-02-28 23:53:34.695885,52.51604,13.394461
19246,2022-02-28 23:53:34.695885,52.475111,13.366252
18235,2022-02-28 23:53:34.695885,52.523756,13.40939
16853,2022-02-28 23:53:34.695885,52.515013,13.459763
15481,2022-02-28 23:53:34.695885,52.517871,13.398869
19149,2022-02-28 23:53:34.695885,52.534929,13.416336
18854,2022-02-28 23:53:34.695885,52.502907,13.415362
18103,2022-02-28 23:53:34.695885,52.511116,13.336203
18896,2022-02-28 23:53:34.695885,52.517764,13.397892
19160,2022-02-28 23:53:34.695885,52.508467,13.378104
17699,2022-02-28 23:53:34.695885,52.493862,13.356624
18867,2022-02-28 23:53:34.695885,52.510849,13.453307
16439,2022-02-28 23:53:34.695885,52.518058,13.411991
16588,2022-02-28 23:53:34.695885,52.480227,13.382827
18922,2022-02-28 23:53:34.695885,52.533369,13.38799
18628,2022-02-28 23:53:34.695885,52.528449,13.393674
19280,2022-02-28 23:53:34.695885,52.511618,13.30505
18112,2022-02-28 23:53:34.695885,52.528271,13.480413
19117,2022-02-28 23:53:34.695885,52.508164,13.434957
18995,2022-02-28 23:53:34.695885,52.505102,13.411729
18171,2022-02-28 23:53:34.695885,52.504396,13.396526
16880,2022-02-28 23:53:34.695885,52.516049,13.394548
18977,2022-02-28 23:53:34.695885,52.516027,13.394558
18795,2022-02-28 23:53:34.695885,52.483804,13.429977
17733,2022-02-28 23:53:34.695885,52.556524,13.373273
17726,2022-02-28 23:53:34.695885,52.508796,13.318231
18827,2022-02-28 23:53:34.695885,52.524436,13.285282
17040,2022-02-28 23:53:34.695885,52.508631,13.375428
18408,2022-02-28 23:53:34.695885,52.509276,13.457728
18466,2022-02-28 23:53:34.695885,52.493902,13.421439
19221,2022-02-28 23:53:34.695885,52.523738,13.458953
15406,2022-02-28 23:53:34.695885,52.498013,13.450093
17468,2022-02-28 23:53:34.695885,52.503351,13.28479
16494,2022-02-28 23:53:34.695885,52.494529,13.421222
17873,2022-02-28 23:53:34.695885,52.501809,13.418036
13202,2022-02-28 23:53:34.695885,52.501711,13.414134
17239,2022-02-28 23:53:34.695885,52.5338,13.198446
18151,2022-02-28 23:53:34.695885,52.527573,13.360903
18990,2022-02-28 23:53:34.695885,52.479822,13.333044
15457,2022-02-28 23:53:34.695885,52.531502,13.328322
18061,2022-02-28 23:53:34.695885,52.517471,13.415987
17965,2022-02-28 23:53:34.695885,52.516951,13.308714
18753,2022-02-28 23:53:34.695885,52.51796,13.416059
19363,2022-02-28 23:53:34.695885,52.489969,13.449202
17048,2022-02-28 23:53:34.695885,52.492409,13.424221
18577,2022-02-28 23:53:34.695885,52.514849,13.443368
15528,2022-02-28 23:53:34.695885,52.520858,13.394712
16802,2022-02-28 23:53:34.695885,52.506556,13.469712
18631,2022-02-28 23:53:34.695885,52.529307,13.407609
17968,2022-02-28 23:53:34.695885,52.506151,13.332271
18659,2022-02-28 23:53:34.695885,52.513996,13.425664
17265,2022-02-28 23:53:34.695885,52.48604,13.447256
18424,2022-02-28 23:53:34.695885,52.512173,13.387679
18955,2022-02-28 23:53:34.695885,52.524218,13.338031
17960,2022-02-28 23:53:34.695885,52.503751,13.402549
18130,2022-02-28 23:53:34.695885,52.51976,13.346844
18243,2022-02-28 23:53:34.695885,52.493147,13.401246
18487,2022-02-28 23:53:34.695885,52.515724,13.352042
17135,2022-02-28 23:53:34.695885,52.490071,13.388658
18018,2022-02-28 23:53:34.695885,52.520378,13.344306
18221,2022-02-28 23:53:34.695885,52.53296,13.391661
17247,2022-02-28 23:53:34.695885,52.52124,13.407542
16568,2022-02-28 23:53:34.695885,52.517542,13.469077
14393,2022-02-28 23:53:34.695885,52.50792,13.303391
15316,2022-02-28 23:53:34.695885,52.489266,13.393561
18152,2022-02-28 23:53:34.695885,52.52944,13.379397
15115,2022-02-28 23:53:34.695885,52.489197,13.393672
17890,2022-02-28 23:53:34.695885,52.529929,13.391941
18711,2022-02-28 23:53:34.695885,52.501742,13.422516
17452,2022-02-28 23:53:34.695885,52.525009,13.40626
19297,2022-02-28 23:53:34.695885,52.514218,13.41522
16429,2022-02-28 23:53:34.695885,52.505356,13.475116
17899,2022-02-28 23:53:34.695885,52.510569,13.390446
19069,2022-02-28 23:53:34.695885,52.477458,13.365251
18204,2022-02-28 23:53:34.695885,52.535653,13.426997
16473,2022-02-28 23:53:34.695885,52.492587,13.4386
17257,2022-02-28 23:53:34.695885,52.524667,13.413502
13059,2022-02-28 23:53:34.695885,52.595474,13.433909
17397,2022-02-28 23:53:34.695885,52.476053,13.439967
18693,2022-02-28 23:53:34.695885,52.485876,13.300509
15455,2022-02-28 23:53:34.695885,52.495907,13.423722
17238,2022-02-28 23:53:34.695885,52.507462,13.37849
16815,2022-02-28 23:53:34.695885,52.44852,13.341417
19039,2022-02-28 23:53:34.695885,52.52384,13.369242
18186,2022-02-28 23:53:34.695885,52.536173,13.430454
18482,2022-02-28 23:53:34.695885,52.50176,13.364453
19076,2022-02-28 23:53:34.695885,52.52376,13.446661
16994,2022-02-28 23:53:34.695885,52.522182,13.371002
18459,2022-02-28 23:53:34.695885,52.540169,13.352311
18431,2022-02-28 23:53:34.695885,52.501164,13.31513
18320,2022-02-28 23:53:34.695885,52.506747,13.306024
18770,2022-02-28 23:53:34.695885,52.499813,13.418503
16793,2022-02-28 23:53:34.695885,52.495222,13.430327
18154,2022-02-28 23:53:34.695885,52.521956,13.338523
17563,2022-02-28 23:53:34.695885,52.487809,13.363812
18551,2022-02-28 23:53:34.695885,52.513564,13.445079
18865,2022-02-28 23:53:34.695885,52.518009,13.323212
17619,2022-02-28 23:53:34.695885,52.50952,13.453929
17168,2022-02-28 23:53:34.695885,52.516058,13.378823
19301,2022-02-28 23:53:34.695885,52.512396,13.395163
17045,2022-02-28 23:53:34.695885,52.487751,13.331164
17465,2022-02-28 23:53:34.695885,52.518311,13.401937
17967,2022-02-28 23:53:34.695885,52.502764,13.418457
13974,2022-02-28 23:53:34.695885,52.510707,13.326943
15464,2022-02-28 23:53:34.695885,52.494262,13.294656
16396,2022-02-28 23:53:34.695885,52.490902,13.317737
15578,2022-02-28 23:53:34.695885,52.491227,13.390538
17098,2022-02-28 23:53:34.695885,52.480511,13.43938
18369,2022-02-28 23:53:34.695885,52.527409,13.399166
14540,2022-02-28 23:53:34.695885,52.493568,13.353474
17376,2022-02-28 23:53:34.695885,52.507373,13.378721
13250,2022-02-28 23:53:34.695885,52.478809,13.500576
18673,2022-02-28 23:53:34.695885,52.548871,13.426977
18193,2022-02-28 23:53:34.695885,52.523942,13.318723
17938,2022-02-28 23:53:34.695885,52.502329,13.394421
15182,2022-02-28 23:53:34.695885,52.518453,13.370976
15488,2022-02-28 23:53:34.695885,52.516004,13.311717
18989,2022-02-28 23:53:34.695885,52.517622,13.37725
19261,2022-02-28 23:53:34.695885,52.502578,13.340852
19251,2022-02-28 23:53:34.695885,52.550098,13.351043
17556,2022-02-28 23:53:34.695885,52.511142,13.450558
17701,2022-02-28 23:53:34.695885,52.509089,13.518036
17245,2022-02-28 23:53:34.695885,52.519533,13.402274
18791,2022-02-28 23:53:34.695885,52.494436,13.400274
18986,2022-02-28 23:53:34.695885,52.49944,13.428664
16996,2022-02-28 23:53:34.695885,52.50704,13.417529
17391,2022-02-28 23:53:34.695885,52.518942,13.379948
16908,2022-02-28 23:53:34.695885,52.518476,13.380416
18571,2022-02-28 23:53:34.695885,52.496631,13.395718
17036,2022-02-28 23:53:34.695885,52.505667,13.462537
16503,2022-02-28 23:53:34.695885,52.532942,13.391507
18068,2022-02-28 23:53:34.695885,52.50856,13.317354
15460,2022-02-28 23:53:34.695885,52.501978,13.408201
16917,2022-02-28 23:53:34.695885,52.50044,13.329138
19099,2022-02-28 23:53:34.695885,52.49476,13.357847
19033,2022-02-28 23:53:34.695885,52.521276,13.412694
18929,2022-02-28 23:53:34.695885,52.518164,13.433439
18149,2022-02-28 23:53:34.695885,52.499098,13.43725
17561,2022-02-28 23:53:34.695885,52.485596,13.423063
17924,2022-02-28 23:53:34.695885,52.481316,13.31818
19118,2022-02-28 23:53:34.695885,52.512342,13.39498
17640,2022-02-28 23:53:34.695885,52.509031,13.288344
17870,2022-02-28 23:53:34.695885,52.505404,13.374998
16524,2022-02-28 23:53:34.695885,52.53676,13.395033
17086,2022-02-28 23:53:34.695885,52.4928,13.389164
18453,2022-02-28 23:53:34.695885,52.501587,13.331862
18835,2022-02-28 23:53:34.695885,52.476133,13.386062
14125,2022-02-28 23:53:34.695885,52.521076,13.358974
16736,2022-02-28 23:53:34.695885,52.515862,13.448624
18501,2022-02-28 23:53:34.695885,52.535076,13.364168
15204,2022-02-28 23:53:34.695885,52.499547,13.439696
18158,2022-02-28 23:53:34.695885,52.538107,13.426932
15470,2022-02-28 23:53:34.695885,52.506662,13.345493
18399,2022-02-28 23:53:34.695885,52.486956,13.334809
17234,2022-02-28 23:53:34.695885,52.525111,13.428249
17219,2022-02-28 23:53:34.695885,52.474844,13.433366
18256,2022-02-28 23:53:34.695885,52.50192,13.408437
18590,2022-02-28 23:53:34.695885,52.508969,13.376359
18932,2022-02-28 23:53:34.695885,52.491187,13.458267
16982,2022-02-28 23:53:34.695885,52.475009,13.366412
17686,2022-02-28 23:53:34.695885,52.493342,13.344631
17854,2022-02-28 23:53:34.695885,52.502996,13.413003
16651,2022-02-28 23:53:34.695885,52.488102,13.395848
18135,2022-02-28 23:53:34.695885,52.514902,13.360596
17962,2022-02-28 23:53:34.695885,52.514578,13.46484
16478,2022-02-28 23:53:34.695885,52.516071,13.327692
17863,2022-02-28 23:53:34.695885,52.487533,13.426286
15401,2022-02-28 23:53:34.695885,52.529044,13.401926
17590,2022-02-28 23:53:34.695885,52.38536,13.196181
18175,2022-02-28 23:53:34.695885,52.548804,13.41354
18807,2022-02-28 23:53:34.695885,52.526964,13.370889
16530,2022-02-28 23:53:34.695885,52.539658,13.407004
17591,2022-02-28 23:53:34.695885,52.525951,13.351608
16682,2022-02-28 23:53:34.695885,52.516258,13.401396
18468,2022-02-28 23:53:34.695885,52.505129,13.380729
17893,2022-02-28 23:53:34.695885,52.495462,13.397211
18102,2022-02-28 23:53:34.695885,52.501653,13.409266
17050,2022-02-28 23:53:34.695885,52.518822,13.402893
16970,2022-02-28 23:53:34.695885,52.510271,13.291534
16745,2022-02-28 23:53:34.695885,52.503849,13.392906
17669,2022-02-28 23:53:34.695885,52.504267,13.388827
17162,2022-02-28 23:53:34.695885,52.492022,13.45156
16942,2022-02-28 23:53:34.695885,52.499373,13.41791
16532,2022-02-28 23:53:34.695885,52.515747,13.389227
15484,2022-02-28 23:53:34.695885,52.509178,13.374104
18335,2022-02-28 23:53:34.695885,52.506627,13.320034
17833,2022-02-28 23:53:34.695885,52.524644,13.40422
18510,2022-02-28 23:53:34.695885,52.498471,13.417267
18983,2022-02-28 23:53:34.695885,52.502556,13.380849
16492,2022-02-28 23:53:34.695885,52.502382,13.3947
17894,2022-02-28 23:53:34.695885,52.527849,13.38572
16666,2022-02-28 23:53:34.695885,52.519702,13.464551
13616,2022-02-28 23:53:34.695885,52.499316,13.445393
16924,2022-02-28 23:53:34.695885,52.490493,13.449422
18666,2022-02-28 23:53:34.695885,52.501058,13.416919
14343,2022-02-28 23:53:34.695885,52.547186,13.416594
17929,2022-02-28 23:53:34.695885,52.52404,13.339762
17191,2022-02-28 23:53:34.695885,52.47112,13.450007
17934,2022-02-28 23:53:34.695885,52.507756,13.370207
16654,2022-02-28 23:53:34.695885,52.508236,13.422166
17340,2022-02-28 23:53:34.695885,52.484733,13.406663
17750,2022-02-28 23:53:34.695885,52.496249,13.365702
17396,2022-02-28 23:53:34.695885,52.531013,13.388713
19258,2022-02-28 23:53:34.695885,52.493302,13.425139
17209,2022-02-28 23:53:34.695885,52.5066,13.371566
17994,2022-02-28 23:53:34.695885,52.509293,13.373604
18614,2022-02-28 23:53:34.695885,52.518124,13.341966
17647,2022-02-28 23:53:34.695885,52.518164,13.380523
19123,2022-02-28 23:53:34.695885,52.480387,13.434792
16933,2022-02-28 23:53:34.695885,52.505049,13.462862
14274,2022-02-28 23:53:34.695885,52.506945,13.417848
18949,2022-02-28 23:53:34.695885,52.502284,13.41328
17887,2022-02-28 23:53:34.695885,52.482244,13.43333
16761,2022-02-28 23:53:34.695885,52.515942,13.378591
16623,2022-02-28 23:53:34.695885,52.47112,13.385396
16854,2022-02-28 23:53:34.695885,52.501164,13.343357
18984,2022-02-28 23:53:34.695885,52.481738,13.365362
18355,2022-02-28 23:53:34.695885,52.498156,13.434668
19345,2022-02-28 23:53:34.695885,52.473244,13.443726
18548,2022-02-28 23:53:34.695885,52.498587,13.418447
16976,2022-02-28 23:53:34.695885,52.500147,13.347966
17749,2022-02-28 23:53:34.695885,52.520284,13.378268
17303,2022-02-28 23:53:34.695885,52.493962,13.436055
16557,2022-02-28 23:53:34.695885,52.524218,13.330131
18547,2022-02-28 23:53:34.695885,52.5396,13.411942
17488,2022-02-28 23:53:34.695885,52.474471,13.421073
17442,2022-02-28 23:53:34.695885,52.520409,13.306504
17108,2022-02-28 23:53:34.695885,52.504769,13.440403
18489,2022-02-28 23:53:34.695885,52.542364,13.413782
16959,2022-02-28 23:53:34.695885,52.460604,13.315264
13415,2022-02-28 23:53:34.695885,52.508587,13.424324
17293,2022-02-28 23:53:34.695885,52.512702,13.459611
15118,2022-02-28 23:53:34.695885,52.513951,13.462507
17295,2022-02-28 23:53:34.695885,52.513182,13.334684
16978,2022-02-28 23:53:34.695885,52.515324,13.388859
17537,2022-02-28 23:53:34.695885,52.48152,13.433889
18391,2022-02-28 23:53:34.695885,52.500698,13.324838
17463,2022-02-28 23:53:34.695885,52.490227,13.346228
18310,2022-02-28 23:53:34.695885,52.511329,13.456734
17111,2022-02-28 23:53:34.695885,52.493498,13.42183
13414,2022-02-28 23:53:34.695885,52.531588,13.42064
18226,2022-02-28 23:53:34.695885,52.502391,13.345626
16480,2022-02-28 23:53:34.695885,52.471142,13.452292
17246,2022-02-28 23:53:34.695885,52.518467,13.455317
16521,2022-02-28 23:53:34.695885,52.493742,13.301428
17975,2022-02-28 23:53:34.695885,52.491822,13.491809
17633,2022-02-28 23:53:34.695885,52.529209,13.517316
19274,2022-02-28 23:53:34.695885,52.487938,13.334203
18866,2022-02-28 23:53:34.695885,52.510182,13.458392
17599,2022-02-28 23:53:34.695885,52.501711,13.319442
19047,2022-02-28 23:53:34.695885,52.523244,13.464512
17513,2022-02-28 23:53:34.695885,52.495662,13.455488
18492,2022-02-28 23:53:34.695885,52.52532,13.401719
16780,2022-02-28 23:53:34.695885,52.547747,13.411399
16739,2022-02-28 23:53:34.695885,52.493444,13.370413
15288,2022-02-28 23:53:34.695885,52.493068,13.297337
17392,2022-02-28 23:53:34.695885,52.504809,13.357168
17624,2022-02-28 23:53:34.695885,52.513507,13.401441
16565,2022-02-28 23:53:34.695885,52.517422,13.39788
16919,2022-02-28 23:53:34.695885,52.497484,13.410592
17799,2022-02-28 23:53:34.695885,52.508511,13.373752
13065,2022-02-28 23:53:34.695885,52.498583,13.46968
16730,2022-02-28 23:53:34.695885,52.517756,13.387358
16613,2022-02-28 23:53:34.695885,52.517031,13.399613
17691,2022-02-28 23:53:34.695885,52.504351,13.359572
17760,2022-02-28 23:53:34.695885,52.481338,13.386436
16930,2022-02-28 23:53:34.695885,52.497644,13.410358
16424,2022-02-28 23:53:34.695885,52.503818,13.329893
16534,2022-02-28 23:53:34.695885,52.51408,13.47457
16740,2022-02-28 23:53:34.695885,52.516462,13.379411
16707,2022-02-28 23:53:34.695885,52.49432,13.322011
16602,2022-02-28 23:53:34.695885,52.531298,13.367543
17791,2022-02-28 23:53:34.695885,52.515711,13.297909
16563,2022-02-28 23:53:34.695885,52.4962,13.423624
17540,2022-02-28 23:53:34.695885,52.477662,13.440153
18143,2022-02-28 23:53:34.695885,52.535262,13.423403
17115,2022-02-28 23:53:34.695885,52.51964,13.40972
18806,2022-02-28 23:53:34.695885,52.519329,13.412263
15091,2022-02-28 23:53:34.695885,52.534576,13.353374
19293,2022-02-28 23:53:34.695885,52.471413,13.440969
17310,2022-02-28 23:53:34.695885,52.515413,13.382333
19144,2022-02-28 23:53:34.695885,52.50324,13.438112
17763,2022-02-28 23:53:34.695885,52.526636,13.403931
19265,2022-02-28 23:53:34.695885,52.554053,13.411129
19075,2022-02-28 23:53:34.695885,52.503564,13.381593
17472,2022-02-28 23:53:34.695885,52.514004,13.391072
18359,2022-02-28 23:53:34.695885,52.513858,13.391058
16443,2022-02-28 23:53:34.695885,52.487173,13.427546
16616,2022-02-28 23:53:34.695885,52.490333,13.379208
18030,2022-02-28 23:53:34.695885,52.543596,13.392198
19058,2022-02-28 23:53:34.695885,52.526524,13.381053
18045,2022-02-28 23:53:34.695885,52.501844,13.414791
15409,2022-02-28 23:53:34.695885,52.503347,13.424501
18485,2022-02-28 23:53:34.695885,52.493596,13.361204
19112,2022-02-28 23:53:34.695885,52.49024,13.397887
15184,2022-02-28 23:53:34.695885,52.481138,13.454118
18514,2022-02-28 23:53:34.695885,52.473933,13.449072
18599,2022-02-28 23:53:34.695885,52.497884,13.410478
18738,2022-02-28 23:53:34.695885,52.522142,13.352081
18750,2022-02-28 23:53:34.695885,52.493618,13.353603
18191,2022-02-28 23:53:34.695885,52.557898,13.352717
19040,2022-02-28 23:53:34.695885,52.486458,13.40024
18054,2022-02-28 23:53:34.695885,52.526369,13.380878
18606,2022-02-28 23:53:34.695885,52.532698,13.385138
18404,2022-02-28 23:53:34.695885,52.505573,13.466598
19080,2022-02-28 23:53:34.695885,52.52032,13.400284
17001,2022-02-28 23:53:34.695885,52.488631,13.467677
19121,2022-02-28 23:53:34.695885,52.476942,13.363788
18655,2022-02-28 23:53:34.695885,52.468938,13.433128
17288,2022-02-28 23:53:34.695885,52.517578,13.366003
17655,2022-02-28 23:53:34.695885,52.483187,13.450511
19115,2022-02-28 23:53:34.695885,52.385391,13.196151
18567,2022-02-28 23:53:34.695885,52.53652,13.404128
16502,2022-02-28 23:53:34.695885,52.529356,13.424589
18871,2022-02-28 23:53:34.695885,52.517356,13.31747
17688,2022-02-28 23:53:34.695885,52.504618,13.451258
17615,2022-02-28 23:53:34.695885,52.504653,13.329578
19103,2022-02-28 23:53:34.695885,52.513356,13.465883
18849,2022-02-28 23:53:34.695885,52.532333,13.364543
16482,2022-02-28 23:53:34.695885,52.531227,13.375798
19074,2022-02-28 23:53:34.695885,52.539098,13.377277
17041,2022-02-28 23:53:34.695885,52.512378,13.318314
18821,2022-02-28 23:53:34.695885,52.485018,13.430242
16754,2022-02-28 23:53:34.695885,52.522627,13.450076
17718,2022-02-28 23:53:34.695885,52.54228,13.377834
19267,2022-02-28 23:53:34.695885,52.512996,13.372192
18144,2022-02-28 23:53:34.695885,52.503613,13.303149
18713,2022-02-28 23:53:34.695885,52.509569,13.439738
16677,2022-02-28 23:53:34.695885,52.501431,13.413793
18674,2022-02-28 23:53:34.695885,52.529222,13.375409
17634,2022-02-28 23:53:34.695885,52.514071,13.391131
17969,2022-02-28 23:53:34.695885,52.486093,13.333602
18347,2022-02-28 23:53:34.695885,52.495067,13.311849
15516,2022-02-28 23:53:34.695885,52.517351,13.321973
18500,2022-02-28 23:53:34.695885,52.498013,13.44314
17729,2022-02-28 23:53:34.695885,52.513462,13.288538
19305,2022-02-28 23:53:34.695885,52.509609,13.421848
18190,2022-02-28 23:53:34.695885,52.491178,13.386497
15475,2022-02-28 23:53:34.695885,52.504618,13.350209
16890,2022-02-28 23:53:34.695885,52.503044,13.413296
17909,2022-02-28 23:53:34.695885,52.50944,13.37736
17186,2022-02-28 23:53:34.695885,52.484311,13.366579
18942,2022-02-28 23:53:34.695885,52.504889,13.34603
18729,2022-02-28 23:53:34.695885,52.524342,13.40779
18063,2022-02-28 23:53:34.695885,52.482542,13.465093
16816,2022-02-28 23:53:34.695885,52.487738,13.419206
19001,2022-02-28 23:53:34.695885,52.539191,13.409839
17675,2022-02-28 23:53:34.695885,52.516982,13.414213
16515,2022-02-28 23:53:34.695885,52.470142,13.42781
16865,2022-02-28 23:53:34.695885,52.492502,13.412863
18633,2022-02-28 23:53:34.695885,52.512027,13.308974
17914,2022-02-28 23:53:34.695885,52.518871,13.407148
18043,2022-02-28 23:53:34.695885,52.517613,13.343188
13431,2022-02-28 23:53:34.695885,52.498734,13.382765
17462,2022-02-28 23:53:34.695885,52.506738,13.317564
17961,2022-02-28 23:53:34.695885,52.552404,13.500163
17177,2022-02-28 23:53:34.695885,52.518742,13.407249
18493,2022-02-28 23:53:34.695885,52.506356,13.31817
18078,2022-02-28 23:53:34.695885,52.497396,13.423437
18568,2022-02-28 23:53:34.695885,52.509542,13.472028
19088,2022-02-28 23:53:34.695885,52.497093,13.400604
19166,2022-02-28 23:53:34.695885,52.515547,13.342487
15450,2022-02-28 23:53:34.695885,52.506476,13.390519
19206,2022-02-28 23:53:34.695885,52.493213,13.30601
17426,2022-02-28 23:53:34.695885,52.509271,13.399476
18627,2022-02-28 23:53:34.695885,52.525942,13.457098
18891,2022-02-28 23:53:34.695885,52.477271,13.37097
19266,2022-02-28 23:53:34.695885,52.498289,13.325641
19090,2022-02-28 23:53:34.695885,52.441836,13.315902
18669,2022-02-28 23:53:34.695885,52.50188,13.364307
16810,2022-02-28 23:53:34.695885,52.515764,13.40727
18520,2022-02-28 23:53:34.695885,52.506324,13.333752
18677,2022-02-28 23:53:34.695885,52.515444,13.499912
18122,2022-02-28 23:53:34.695885,52.523107,13.381366
17262,2022-02-28 23:53:34.695885,52.482213,13.448896
15501,2022-02-28 23:53:34.695885,52.492316,13.388692
18051,2022-02-28 23:53:34.695885,52.529076,13.458543
18605,2022-02-28 23:53:34.695885,52.49264,13.45876
16629,2022-02-28 23:53:34.695885,52.469009,13.430377
15541,2022-02-28 23:53:34.695885,52.490484,13.456121
17026,2022-02-28 23:53:34.695885,52.545947,13.444617
18201,2022-02-28 23:53:34.695885,52.495427,13.389787
17110,2022-02-28 23:53:34.695885,52.456796,13.322229
17600,2022-02-28 23:53:34.695885,52.506907,13.394919
16690,2022-02-28 23:53:34.695885,52.524622,13.424752
17989,2022-02-28 23:53:34.695885,52.519156,13.402629
17722,2022-02-28 23:53:34.695885,52.49992,13.436104
16451,2022-02-28 23:53:34.695885,52.514991,13.360463
18106,2022-02-28 23:53:34.695885,52.515116,13.449269
18276,2022-02-28 23:53:34.695885,52.519373,13.418109
17700,2022-02-28 23:53:34.695885,52.491804,13.491801
17501,2022-02-28 23:53:34.695885,52.497511,13.410634
16398,2022-02-28 23:53:34.695885,52.553489,13.415196
18964,2022-02-28 23:53:34.695885,52.504538,13.375012
17574,2022-02-28 23:53:34.695885,52.503253,13.411719
17166,2022-02-28 23:53:34.695885,52.486004,13.300521
17507,2022-02-28 23:53:34.695885,52.519396,13.397843
18968,2022-02-28 23:53:34.695885,52.50852,13.334682
14394,2022-02-28 23:53:34.695885,52.52928,13.375326
19375,2022-02-28 23:53:34.695885,52.516458,13.405714
17974,2022-02-28 23:53:34.695885,52.507209,13.482027
18471,2022-02-28 23:53:34.695885,52.494378,13.421083
17258,2022-02-28 23:53:34.695885,52.511942,13.390087
19048,2022-02-28 23:53:34.695885,52.5216,13.328814
16404,2022-02-28 23:53:34.695885,52.49628,13.365658
16678,2022-02-28 23:53:34.695885,52.513062,13.452604
17124,2022-02-28 23:53:34.695885,52.504044,13.325438
18318,2022-02-28 23:53:34.695885,52.494009,13.381494
16617,2022-02-28 23:53:34.695885,52.491987,13.422236
15482,2022-02-28 23:53:34.695885,52.470271,13.427472
16499,2022-02-28 23:53:34.695885,52.497111,13.443273
17839,2022-02-28 23:53:34.695885,52.503604,13.329144
16378,2022-02-28 23:53:34.695885,52.524724,13.409758
17585,2022-02-28 23:53:34.695885,52.489191,13.420829
17542,2022-02-28 23:53:34.695885,52.480418,13.333852
17081,2022-02-28 23:53:34.695885,52.496836,13.351512
17457,2022-02-28 23:53:34.695885,52.518569,13.28538
16795,2022-02-28 23:53:34.695885,52.514844,13.464941
16395,2022-02-28 23:53:34.695885,52.510138,13.466044
19237,2022-02-28 23:53:34.695885,52.542093,13.390673
15287,2022-02-28 23:53:34.695885,52.500616,13.410151
16576,2022-02-28 23:53:34.695885,52.524249,13.337754
16406,2022-02-28 23:53:34.695885,52.499178,13.419668
18603,2022-02-28 23:53:34.695885,52.530836,13.444563
18755,2022-02-28 23:53:34.695885,52.497796,13.441561
17851,2022-02-28 23:53:34.695885,52.518987,13.396367
18444,2022-02-28 23:53:34.695885,52.542364,13.356402
16599,2022-02-28 23:53:34.695885,52.509947,13.423824
18490,2022-02-28 23:53:34.695885,52.542849,13.366217
17596,2022-02-28 23:53:34.695885,52.490844,13.444927
17057,2022-02-28 23:53:34.695885,52.553036,13.39938
16544,2022-02-28 23:53:34.695885,52.514631,13.384442
19176,2022-02-28 23:53:34.695885,52.479689,13.436308
16771,2022-02-28 23:53:34.695885,52.508342,13.37409
18987,2022-02-28 23:53:34.695885,52.49468,13.310549
18992,2022-02-28 23:53:34.695885,52.549129,13.413501
17920,2022-02-28 23:53:34.695885,52.48588,13.353483
15193,2022-02-28 23:53:34.695885,52.502191,13.321982
17021,2022-02-28 23:53:34.695885,52.531973,13.395901
16409,2022-02-28 23:53:34.695885,52.523884,13.288371
16587,2022-02-28 23:53:34.695885,52.517138,13.383372
16896,2022-02-28 23:53:34.695885,52.494578,13.409636
16390,2022-02-28 23:53:34.695885,52.50976,13.405507
18560,2022-02-28 23:53:34.695885,52.526547,13.386971
17528,2022-02-28 23:53:34.695885,52.534311,13.42593
18213,2022-02-28 23:53:34.695885,52.500796,13.442354
16456,2022-02-28 23:53:34.695885,52.481493,13.433962
18911,2022-02-28 23:53:34.695885,52.520351,13.411122
17925,2022-02-28 23:53:34.695885,52.5184,13.380391
17373,2022-02-28 23:53:34.695885,52.518391,13.320741
18505,2022-02-28 23:53:34.695885,52.525058,13.386311
16835,2022-02-28 23:53:34.695885,52.518467,13.342176
17577,2022-02-28 23:53:34.695885,52.516969,13.398316
18561,2022-02-28 23:53:34.695885,52.497884,13.418404
18021,2022-02-28 23:53:34.695885,52.498413,13.447304
17871,2022-02-28 23:53:34.695885,52.503613,13.334532
18187,2022-02-28 23:53:34.695885,52.47212,13.44455
18308,2022-02-28 23:53:34.695885,52.480884,13.444551
17169,2022-02-28 23:53:34.695885,52.478724,13.33642
18125,2022-02-28 23:53:34.695885,52.548756,13.396999
17318,2022-02-28 23:53:34.695885,52.4896,13.375671
17956,2022-02-28 23:53:34.695885,52.526644,13.369183
16781,2022-02-28 23:53:34.695885,52.484173,13.35181
17243,2022-02-28 23:53:34.695885,52.560627,13.375808
16974,2022-02-28 23:53:34.695885,52.457569,13.348897
18024,2022-02-28 23:53:34.695885,52.478564,13.42036
19386,2022-02-28 23:53:34.695885,52.503884,13.387146
18340,2022-02-28 23:53:34.695885,52.490916,13.434562
18803,2022-02-28 23:53:34.695885,52.513591,13.47508
17668,2022-02-28 23:53:34.695885,52.512738,13.394426
17932,2022-02-28 23:53:34.695885,52.52692,13.369712
17252,2022-02-28 23:53:34.695885,52.503111,13.413233
15344,2022-02-28 23:53:34.695885,52.519873,13.326687
18474,2022-02-28 23:53:34.695885,52.51872,13.318302
19078,2022-02-28 23:53:34.695885,52.510076,13.403351
17852,2022-02-28 23:53:34.695885,52.548289,13.382922
19263,2022-02-28 23:53:34.695885,52.504947,13.390072
18115,2022-02-28 23:53:34.695885,52.515267,13.433412
18005,2022-02-28 23:53:34.695885,52.480582,13.43159
18440,2022-02-28 23:53:34.695885,52.519422,13.39503
18249,2022-02-28 23:53:34.695885,52.508684,13.392034
17768,2022-02-28 23:53:34.695885,52.500418,13.422684
18685,2022-02-28 23:53:34.695885,52.489356,13.320506
17915,2022-02-28 23:53:34.695885,52.465147,13.496501
17097,2022-02-28 23:53:34.695885,52.523827,13.385468
17941,2022-02-28 23:53:34.695885,52.518684,13.380086
14364,2022-02-28 23:53:34.695885,52.4864,13.397823
16934,2022-02-28 23:53:34.695885,52.498813,13.41721
16391,2022-02-28 23:53:34.695885,52.517156,13.376776
18352,2022-02-28 23:53:34.695885,52.521031,13.389468
17889,2022-02-28 23:53:34.695885,52.516707,13.383832
17053,2022-02-28 23:53:34.695885,52.487858,13.353903
16999,2022-02-28 23:53:34.695885,52.510662,13.436601
17803,2022-02-28 23:53:34.695885,52.493818,13.422396
16756,2022-02-28 23:53:34.695885,52.527609,13.32666
14358,2022-02-28 23:53:34.695885,52.513637,13.462577
17189,2022-02-28 23:53:34.695885,52.478604,13.430131
17858,2022-02-28 23:53:34.695885,52.479169,13.425982
19137,2022-02-28 23:53:34.695885,52.499187,13.416934
16412,2022-02-28 23:53:34.695885,52.516107,13.471409
18046,2022-02-28 23:53:34.695885,52.497511,13.419198
17383,2022-02-28 23:53:34.695885,52.508142,13.390078
18302,2022-02-28 23:53:34.695885,52.474089,13.447513
18346,2022-02-28 23:53:34.695885,52.491289,13.457876
17345,2022-02-28 23:53:34.695885,52.505133,13.392893
17500,2022-02-28 23:53:34.695885,52.537298,13.417276
16827,2022-02-28 23:53:34.695885,52.510778,13.456514
16496,2022-02-28 23:53:34.695885,52.50808,13.299361
18647,2022-02-28 23:53:34.695885,52.471018,13.385297
18278,2022-02-28 23:53:34.695885,52.508382,13.41357
17709,2022-02-28 23:53:34.695885,52.543947,13.426726
17738,2022-02-28 23:53:34.695885,52.527467,13.403043
18646,2022-02-28 23:53:34.695885,52.485711,13.434528
17425,2022-02-28 23:53:34.695885,52.516013,13.396741
18454,2022-02-28 23:53:34.695885,52.51412,13.469482
16457,2022-02-28 23:53:34.695885,52.514756,13.376948
16935,2022-02-28 23:53:34.695885,52.5156,13.440541
19061,2022-02-28 23:53:34.695885,52.470347,13.45252
17492,2022-02-28 23:53:34.695885,52.5042,13.337191
19272,2022-02-28 23:53:34.695885,52.51892,13.437848
17595,2022-02-28 23:53:34.695885,52.488173,13.455433
17363,2022-02-28 23:53:34.695885,52.519587,13.399564
16767,2022-02-28 23:53:34.695885,52.511231,13.377237
17520,2022-02-28 23:53:34.695885,52.514662,13.387083
14481,2022-02-28 23:53:34.695885,52.500471,13.396295
17573,2022-02-28 23:53:34.695885,52.495151,13.439404
17807,2022-02-28 23:53:34.695885,52.487036,13.42481
17025,2022-02-28 23:53:34.695885,52.51788,13.380357
15514,2022-02-28 23:53:34.695885,52.516111,13.407761
18247,2022-02-28 23:53:34.695885,52.507071,13.390081
16421,2022-02-28 23:53:34.695885,52.502271,13.304754
17658,2022-02-28 23:53:34.695885,52.494156,13.460429
18928,2022-02-28 23:53:34.695885,52.532249,13.433443
18736,2022-02-28 23:53:34.695885,52.524129,13.418209
18661,2022-02-28 23:53:34.695885,52.503564,13.470312
17568,2022-02-28 23:53:34.695885,52.504258,13.317201
17867,2022-02-28 23:53:34.695885,52.528938,13.369377
17720,2022-02-28 23:53:34.695885,52.526316,13.382344
18373,2022-02-28 23:53:34.695885,52.519102,13.408589
19381,2022-02-28 23:53:34.695885,52.516627,13.378268
17109,2022-02-28 23:53:34.695885,52.519156,13.379678
17664,2022-02-28 23:53:34.695885,52.502587,13.380666
17812,2022-02-28 23:53:34.695885,52.505529,13.333437
17653,2022-02-28 23:53:34.695885,52.51824,13.35718
17545,2022-02-28 23:53:34.695885,52.510333,13.377171
19127,2022-02-28 23:53:34.695885,52.534093,13.398117
18759,2022-02-28 23:53:34.695885,52.50204,13.307944
17644,2022-02-28 23:53:34.695885,52.533871,13.328567
18083,2022-02-28 23:53:34.695885,52.477987,13.330222
17244,2022-02-28 23:53:34.695885,52.508991,13.311934
17354,2022-02-28 23:53:34.695885,52.501889,13.417768
18944,2022-02-28 23:53:34.695885,52.505916,13.32633
16525,2022-02-28 23:53:34.695885,52.499902,13.418156
19025,2022-02-28 23:53:34.695885,52.521227,13.571382
16555,2022-02-28 23:53:34.695885,52.531307,13.318909
18792,2022-02-28 23:53:34.695885,52.518547,13.407241
16650,2022-02-28 23:53:34.695885,52.532858,13.440566
19134,2022-02-28 23:53:34.695885,52.490364,13.375169
18129,2022-02-28 23:53:34.695885,52.509742,13.376994
17637,2022-02-28 23:53:34.695885,52.500129,13.407594
14331,2022-02-28 23:53:34.695885,52.530928,13.326553
16695,2022-02-28 23:53:34.695885,52.534813,13.438278
16590,2022-02-28 23:53:34.695885,52.490484,13.423372
17514,2022-02-28 23:53:34.695885,52.529298,13.359666
17740,2022-02-28 23:53:34.695885,52.526662,13.40165
18304,2022-02-28 23:53:34.695885,52.479604,13.444308
17067,2022-02-28 23:53:34.695885,52.499284,13.420951
17216,2022-02-28 23:53:34.695885,52.503684,13.423162
19239,2022-02-28 23:53:34.695885,52.501058,13.461397
17377,2022-02-28 23:53:34.695885,52.529453,13.39754
18811,2022-02-28 23:53:34.695885,52.497422,13.437708
19236,2022-02-28 23:53:34.695885,52.544947,13.415959
16691,2022-02-28 23:53:34.695885,52.498756,13.41682
16750,2022-02-28 23:53:34.695885,52.472742,13.436132
17950,2022-02-28 23:53:34.695885,52.512258,13.466158
18884,2022-02-28 23:53:34.695885,52.519498,13.398041
18315,2022-02-28 23:53:34.695885,52.494311,13.342021
17134,2022-02-28 23:53:34.695885,52.520787,13.377014
18316,2022-02-28 23:53:34.695885,52.509271,13.37477
18484,2022-02-28 23:53:34.695885,52.523422,13.405129
16489,2022-02-28 23:53:34.695885,52.501978,13.32147
17538,2022-02-28 23:53:34.695885,52.520613,13.342918
17761,2022-02-28 23:53:34.695885,52.4914,13.324607
19303,2022-02-28 23:53:34.695885,52.487929,13.386083
17329,2022-02-28 23:53:34.695885,52.527933,13.408559
15494,2022-02-28 23:53:34.695885,52.493978,13.421121
18966,2022-02-28 23:53:34.695885,52.487849,13.334822
18715,2022-02-28 23:53:34.695885,52.536844,13.451856
17333,2022-02-28 23:53:34.695885,52.505062,13.333833
18167,2022-02-28 23:53:34.695885,52.526978,13.404767
18195,2022-02-28 23:53:34.695885,52.515569,13.29787
16797,2022-02-28 23:53:34.695885,52.508169,13.435
17415,2022-02-28 23:53:34.695885,52.5438,13.426684
17218,2022-02-28 23:53:34.695885,52.500236,13.336648
15495,2022-02-28 23:53:34.695885,52.524391,13.406551
18411,2022-02-28 23:53:34.695885,52.523329,13.464329
18756,2022-02-28 23:53:34.695885,52.52868,13.411167
13857,2022-02-28 23:53:34.695885,52.481995,13.325538
16946,2022-02-28 23:53:34.695885,52.512729,13.532807
17884,2022-02-28 23:53:34.695885,52.473862,13.42332
17141,2022-02-28 23:53:34.695885,52.492684,13.459351
18057,2022-02-28 23:53:34.695885,52.511164,13.325933
17671,2022-02-28 23:53:34.695885,52.505613,13.333993
19072,2022-02-28 23:53:34.695885,52.515502,13.440472
17878,2022-02-28 23:53:34.695885,52.526022,13.449827
16583,2022-02-28 23:53:34.695885,52.497422,13.291723
17064,2022-02-28 23:53:34.695885,52.511053,13.471188
18203,2022-02-28 23:53:34.695885,52.496116,13.328046
18049,2022-02-28 23:53:34.695885,52.51684,13.43938
15770,2022-02-28 23:53:34.695885,52.4702,13.428522
19332,2022-02-28 23:53:34.695885,52.48248,13.465249
18180,2022-02-28 23:53:34.695885,52.478587,13.44206
18327,2022-02-28 23:53:34.695885,52.511898,13.38089
15522,2022-02-28 23:53:34.695885,52.51416,13.31655
17762,2022-02-28 23:53:34.695885,52.485827,13.423389
17414,2022-02-28 23:53:34.695885,52.490796,13.422818
17582,2022-02-28 23:53:34.695885,52.499067,13.419773
15872,2022-02-28 23:53:34.695885,52.539543,13.346875
17031,2022-02-28 23:53:34.695885,52.480467,13.435596
17093,2022-02-28 23:53:34.695885,52.474209,13.442973
18430,2022-02-28 23:53:34.695885,52.499453,13.429289
17285,2022-02-28 23:53:34.695885,52.508049,13.390163
17986,2022-02-28 23:53:34.695885,52.542498,13.366738
18744,2022-02-28 23:53:34.695885,52.504942,13.427023
17543,2022-02-28 23:53:34.695885,52.51692,13.386344
18822,2022-02-28 23:53:34.695885,52.511093,13.337026
19057,2022-02-28 23:53:34.695885,52.47216,13.428569
18625,2022-02-28 23:53:34.695885,52.471471,13.385974
17834,2022-02-28 23:53:34.695885,52.506284,13.316393
18010,2022-02-28 23:53:34.695885,52.50564,13.334162
18414,2022-02-28 23:53:34.695885,52.48772,13.37302
16923,2022-02-28 23:53:34.695885,52.496524,13.442749
19091,2022-02-28 23:53:34.695885,52.518578,13.386804
16461,2022-02-28 23:53:34.695885,52.50008,13.314909
18767,2022-02-28 23:53:34.695885,52.534618,13.400882
19120,2022-02-28 23:53:34.695885,52.529942,13.418193
16748,2022-02-28 23:53:34.695885,52.497911,13.352566
19014,2022-02-28 23:53:34.695885,52.518244,13.389634
17793,2022-02-28 23:53:34.695885,52.514044,13.316372
16887,2022-02-28 23:53:34.695885,52.520982,13.400952
17985,2022-02-28 23:53:34.695885,52.50904,13.286061
15738,2022-02-28 23:53:34.695885,52.524071,13.349437
17998,2022-02-28 23:53:34.695885,52.499324,13.427731
15411,2022-02-28 23:53:34.695885,52.510147,13.305782
18962,2022-02-28 23:53:34.695885,52.482333,13.426681
17274,2022-02-28 23:53:34.695885,52.475213,13.366394
19119,2022-02-28 23:53:34.695885,52.502458,13.394196
17865,2022-02-28 23:53:34.695885,52.499853,13.424702
18974,2022-02-28 23:53:34.695885,52.504533,13.294507
19389,2022-02-28 23:53:34.695885,52.529004,13.401819
18159,2022-02-28 23:53:34.695885,52.506138,13.311731
19230,2022-02-28 23:53:34.695885,52.543751,13.373566
17076,2022-02-28 23:53:34.695885,52.501844,13.43184
17897,2022-02-28 23:53:34.695885,52.516644,13.382536
16415,2022-02-28 23:53:34.695885,52.53016,13.448763
17510,2022-02-28 23:53:34.695885,52.49672,13.419234
19190,2022-02-28 23:53:34.695885,52.48928,13.349178
17279,2022-02-28 23:53:34.695885,52.484187,13.438877
17879,2022-02-28 23:53:34.695885,52.502707,13.418167
18604,2022-02-28 23:53:34.695885,52.533471,13.388094
19198,2022-02-28 23:53:34.695885,52.506582,13.42488
19213,2022-02-28 23:53:34.695885,52.516307,13.394381
18345,2022-02-28 23:53:34.695885,52.529627,13.404317
17313,2022-02-28 23:53:34.695885,52.521493,13.285823
19167,2022-02-28 23:53:34.695885,52.523218,13.435524
19178,2022-02-28 23:53:34.695885,52.489307,13.427844
18999,2022-02-28 23:53:34.695885,52.524213,13.370352
18925,2022-02-28 23:53:34.695885,52.510173,13.395994
19059,2022-02-28 23:53:34.695885,52.516098,13.350873
18338,2022-02-28 23:53:34.695885,52.500991,13.419116
19095,2022-02-28 23:53:34.695885,52.47904,13.431571
18289,2022-02-28 23:53:34.695885,52.480827,13.328513
16791,2022-02-28 23:53:34.695885,52.480436,13.451684
18819,2022-02-28 23:53:34.695885,52.493751,13.426792
18640,2022-02-28 23:53:34.695885,52.500791,13.429662
18798,2022-02-28 23:53:34.695885,52.495347,13.402707
17957,2022-02-28 23:53:34.695885,52.498316,13.450264
18701,2022-02-28 23:53:34.695885,52.499373,13.417869
17232,2022-02-28 23:53:34.695885,52.496022,13.346267
19216,2022-02-28 23:53:34.695885,52.468133,13.426068
16856,2022-02-28 23:53:34.695885,52.487649,13.375712
16566,2022-02-28 23:53:34.695885,52.531996,13.444497
13129,2022-02-28 23:53:34.695885,52.522218,13.371059
16784,2022-02-28 23:53:34.695885,52.506356,13.470571
18140,2022-02-28 23:53:34.695885,52.559404,13.396526
19173,2022-02-28 23:53:34.695885,52.508169,13.434926
17132,2022-02-28 23:53:34.695885,52.530582,13.385887
18446,2022-02-28 23:53:34.695885,52.508062,13.394286
18183,2022-02-28 23:53:34.695885,52.552813,13.362012
18584,2022-02-28 23:53:34.695885,52.502342,13.407479
18365,2022-02-28 23:53:34.695885,52.469907,13.425364
18284,2022-02-28 23:53:34.695885,52.519396,13.397998
17477,2022-02-28 23:53:34.695885,52.492382,13.436731
17565,2022-02-28 23:53:34.695885,52.485889,13.388438
17743,2022-02-28 23:53:34.695885,52.531164,13.43042
17143,2022-02-28 23:53:34.695885,52.501716,13.305692
18927,2022-02-28 23:53:34.695885,52.496258,13.346439
18013,2022-02-28 23:53:34.695885,52.51808,13.380762
18227,2022-02-28 23:53:34.695885,52.485516,13.357749
14421,2022-02-28 23:53:34.695885,52.491627,13.371096
16786,2022-02-28 23:53:34.695885,52.501658,13.43208
18710,2022-02-28 23:53:34.695885,52.482609,13.428807
15246,2022-02-28 23:53:34.695885,52.495434,13.443906
17481,2022-02-28 23:53:34.695885,52.530827,13.410426
16839,2022-02-28 23:53:34.695885,52.489373,13.447404
17355,2022-02-28 23:53:34.695885,52.479662,13.454098
18555,2022-02-28 23:53:34.695885,52.472756,13.447756
18976,2022-02-28 23:53:34.695885,52.516316,13.405392
17993,2022-02-28 23:53:34.695885,52.503138,13.413467
16755,2022-02-28 23:53:34.695885,52.4948,13.421179
18780,2022-02-28 23:53:34.695885,52.505502,13.305759
19202,2022-02-28 23:53:34.695885,52.530493,13.455218
18511,2022-02-28 23:53:34.695885,52.530173,13.408537
17460,2022-02-28 23:53:34.695885,52.491373,13.425416
17875,2022-02-28 23:53:34.695885,52.504804,13.434021
17748,2022-02-28 23:53:34.695885,52.49908,13.423419
15893,2022-02-28 23:53:34.695885,52.507901,13.304063
16782,2022-02-28 23:53:34.695885,52.482542,13.428876
19184,2022-02-28 23:53:34.695885,52.532284,13.349716
18793,2022-02-28 23:53:34.695885,52.485773,13.338344
18230,2022-02-28 23:53:34.695885,52.493587,13.42325
18322,2022-02-28 23:53:34.695885,52.50652,13.322733
18591,2022-02-28 23:53:34.695885,52.489911,13.386098
17822,2022-02-28 23:53:34.695885,52.517889,13.323384
16519,2022-02-28 23:53:34.695885,52.534049,13.427079
18239,2022-02-28 23:53:34.695885,52.523876,13.399319
17832,2022-02-28 23:53:34.695885,52.48008,13.446112
17020,2022-02-28 23:53:34.695885,52.513876,13.335781
19300,2022-02-28 23:53:34.695885,52.485253,13.382212
18457,2022-02-28 23:53:34.695885,52.519773,13.314191
19093,2022-02-28 23:53:34.695885,52.503751,13.436433
18218,2022-02-28 23:53:34.695885,52.48604,13.45401
18684,2022-02-28 23:53:34.695885,52.518742,13.394971
16511,2022-02-28 23:53:34.695885,52.478849,13.449682
17287,2022-02-28 23:53:34.695885,52.525236,13.428233
18142,2022-02-28 23:53:34.695885,52.518253,13.469164
19082,2022-02-28 23:53:34.695885,52.499147,13.419234
18897,2022-02-28 23:53:34.695885,52.52964,13.327122
17084,2022-02-28 23:53:34.695885,52.518431,13.396021
18839,2022-02-28 23:53:34.695885,52.527502,13.4195
15407,2022-02-28 23:53:34.695885,52.519156,13.408844
16836,2022-02-28 23:53:34.695885,52.485422,13.374988
16536,2022-02-28 23:53:34.695885,52.513289,13.335566
17398,2022-02-28 23:53:34.695885,52.495191,13.360706
17136,2022-02-28 23:53:34.695885,52.514756,13.422461
16822,2022-02-28 23:53:34.695885,52.516636,13.463824
16656,2022-02-28 23:53:34.695885,52.547249,13.41876
15461,2022-02-28 23:53:34.695885,52.517262,13.299892
18185,2022-02-28 23:53:34.695885,52.505364,13.44963
17451,2022-02-28 23:53:34.695885,52.53672,13.402346
18174,2022-02-28 23:53:34.695885,52.499609,13.330993
18303,2022-02-28 23:53:34.695885,52.531818,13.415858
16574,2022-02-28 23:53:34.695885,52.518431,13.285431
17933,2022-02-28 23:53:34.695885,52.505582,13.445516
16964,2022-02-28 23:53:34.695885,52.525253,13.415409
17551,2022-02-28 23:53:34.695885,52.509471,13.372986
17593,2022-02-28 23:53:34.695885,52.488818,13.40095
18844,2022-02-28 23:53:34.695885,52.493689,13.387866
18271,2022-02-28 23:53:34.695885,52.528311,13.456354
17235,2022-02-28 23:53:34.695885,52.512818,13.451168
19089,2022-02-28 23:53:34.695885,52.507316,13.331144
16449,2022-02-28 23:53:34.695885,52.5268,13.401739
17848,2022-02-28 23:53:34.695885,52.468693,13.430408
18378,2022-02-28 23:53:34.695885,52.523924,13.399477
16604,2022-02-28 23:53:34.695885,52.502996,13.397106
19242,2022-02-28 23:53:34.695885,52.503782,13.330999
17526,2022-02-28 23:53:34.695885,52.493,13.460541
18766,2022-02-28 23:53:34.695885,52.518564,13.285319
18197,2022-02-28 23:53:34.695885,52.53688,13.384452
16393,2022-02-28 23:53:34.695885,52.517018,13.384107
17778,2022-02-28 23:53:34.695885,52.528356,13.381242
17347,2022-02-28 23:53:34.695885,52.539427,13.343709
17809,2022-02-28 23:53:34.695885,52.524111,13.426451
16833,2022-02-28 23:53:34.695885,52.518289,13.380654
18292,2022-02-28 23:53:34.695885,52.521404,13.36003
16400,2022-02-28 23:53:34.695885,52.479938,13.323106
18601,2022-02-28 23:53:34.695885,52.504804,13.440499
17203,2022-02-28 23:53:34.695885,52.480031,13.344613
17159,2022-02-28 23:53:34.695885,52.504711,13.40129
16628,2022-02-28 23:53:34.695885,52.474529,13.36694
17487,2022-02-28 23:53:34.695885,52.521764,13.393542
18688,2022-02-28 23:53:34.695885,52.501187,13.32477
15577,2022-02-28 23:53:34.695885,52.490089,13.386194
17410,2022-02-28 23:53:34.695885,52.50044,13.426061
17953,2022-02-28 23:53:34.695885,52.498182,13.29727
18366,2022-02-28 23:53:34.695885,52.505271,13.449978
18104,2022-02-28 23:53:34.695885,52.498267,13.406139
16676,2022-02-28 23:53:34.695885,52.501889,13.297373
18354,2022-02-28 23:53:34.695885,52.503111,13.337453
18683,2022-02-28 23:53:34.695885,52.513796,13.440871
18263,2022-02-28 23:53:34.695885,52.490404,13.334131
17895,2022-02-28 23:53:34.695885,52.508116,13.390214
16506,2022-02-28 23:53:34.695885,52.516636,13.382963
17712,2022-02-28 23:53:34.695885,52.493676,13.388619
15121,2022-02-28 23:53:34.695885,52.518596,13.360067
16931,2022-02-28 23:53:34.695885,52.526289,13.416369
16508,2022-02-28 23:53:34.695885,52.507711,13.460512
16803,2022-02-28 23:53:34.695885,52.530062,13.408854
16634,2022-02-28 23:53:34.695885,52.435347,13.256759
17133,2022-02-28 23:53:34.695885,52.503596,13.342844
16450,2022-02-28 23:53:34.695885,52.535107,13.3981
19125,2022-02-28 23:53:34.695885,52.535213,13.402458
17019,2022-02-28 23:53:34.695885,52.510636,13.458598
16627,2022-02-28 23:53:34.695885,52.485716,13.374848
17645,2022-02-28 23:53:34.695885,52.500529,13.443074
17843,2022-02-28 23:53:34.695885,52.53408,13.437376
16375,2022-02-28 23:53:34.695885,52.515769,13.337034
18668,2022-02-28 23:53:34.695885,52.436933,13.374963
16818,2022-02-28 23:53:34.695885,52.509947,13.462076
16487,2022-02-28 23:53:34.695885,52.492596,13.387329
19056,2022-02-28 23:53:34.695885,52.500716,13.417749
17592,2022-02-28 23:53:34.695885,52.532004,13.380829
17408,2022-02-28 23:53:34.695885,52.534524,13.366459
18314,2022-02-28 23:53:34.695885,52.510751,13.458678
17113,2022-02-28 23:53:34.695885,52.535,13.432623
18075,2022-02-28 23:53:34.695885,52.485667,13.429377
17611,2022-02-28 23:53:34.695885,52.503076,13.406509
19217,2022-02-28 23:53:34.695885,52.506822,13.454319
16871,2022-02-28 23:53:34.695885,52.501084,13.381808
18325,2022-02-28 23:53:34.695885,52.505853,13.32009
16408,2022-02-28 23:53:34.695885,52.484449,13.431669
13385,2022-02-28 23:53:34.695885,52.531699,13.351038
19208,2022-02-28 23:53:34.695885,52.49496,13.421236
18163,2022-02-28 23:53:34.695885,52.5298,13.401241
17724,2022-02-28 23:53:34.695885,52.500911,13.359023
16904,2022-02-28 23:53:34.695885,52.536653,13.434538
19171,2022-02-28 23:53:34.695885,52.519022,13.380001
18448,2022-02-28 23:53:34.695885,52.499836,13.416841
17450,2022-02-28 23:53:34.695885,52.489378,13.427896
19064,2022-02-28 23:53:34.695885,52.521827,13.40243
15518,2022-02-28 23:53:34.695885,52.508796,13.424691
18035,2022-02-28 23:53:34.695885,52.518124,13.314649
18898,2022-02-28 23:53:34.695885,52.481689,13.32072
13739,2022-02-28 23:53:34.695885,52.525962,13.398485
18358,2022-02-28 23:53:34.695885,52.510587,13.458644
19142,2022-02-28 23:53:34.695885,52.509902,13.429834
17504,2022-02-28 23:53:34.695885,52.510871,13.292436
17007,2022-02-28 23:53:34.695885,52.500849,13.420774
17572,2022-02-28 23:53:34.695885,52.522196,13.413408
18165,2022-02-28 23:53:34.695885,52.517893,13.457823
16539,2022-02-28 23:53:34.695885,52.514022,13.434924
18223,2022-02-28 23:53:34.695885,52.52024,13.388898
17145,2022-02-28 23:53:34.695885,52.506533,13.417641
16584,2022-02-28 23:53:34.695885,52.499942,13.455048
17035,2022-02-28 23:53:34.695885,52.50464,13.343237
18266,2022-02-28 23:53:34.695885,52.518244,13.400507
18979,2022-02-28 23:53:34.695885,52.514991,13.354476
17576,2022-02-28 23:53:34.695885,52.549129,13.415432
19041,2022-02-28 23:53:34.695885,52.53248,13.426943
16759,2022-02-28 23:53:34.695885,52.538564,13.399703
16659,2022-02-28 23:53:34.695885,52.511142,13.336084
13972,2022-02-28 23:53:34.695885,52.469742,13.42742
19003,2022-02-28 23:53:34.695885,52.518324,13.323041
18153,2022-02-28 23:53:34.695885,52.533076,13.424943
16753,2022-02-28 23:53:34.695885,52.518107,13.388597
19079,2022-02-28 23:53:34.695885,52.488182,13.407751
16807,2022-02-28 23:53:34.695885,52.494596,13.40955
17586,2022-02-28 23:53:34.695885,52.483684,13.360109
17603,2022-02-28 23:53:34.695885,52.503898,13.303562
18714,2022-02-28 23:53:34.695885,52.5326,13.397167
18377,2022-02-28 23:53:34.695885,52.535489,13.436937
17060,2022-02-28 23:53:34.695885,52.514813,13.387069
17769,2022-02-28 23:53:34.695885,52.472987,13.450509
19212,2022-02-28 23:53:34.695885,52.547444,13.407503
17980,2022-02-28 23:53:34.695885,52.540511,13.410732
16419,2022-02-28 23:53:34.695885,52.524156,13.339761
16540,2022-02-28 23:53:34.695885,52.509067,13.327014
16657,2022-02-28 23:53:34.695885,52.515009,13.348319
13336,2022-02-28 23:53:34.695885,52.529395,13.374969
18515,2022-02-28 23:53:34.695885,52.51164,13.434129
19384,2022-02-28 23:53:34.695885,52.496058,13.456958
18808,2022-02-28 23:53:34.695885,52.492067,13.435867
17160,2022-02-28 23:53:34.695885,52.49672,13.424359
17757,2022-02-28 23:53:34.695885,52.518751,13.342998
17446,2022-02-28 23:53:34.695885,52.524538,13.407842
18790,2022-02-28 23:53:34.695885,52.478529,13.436156
19343,2022-02-28 23:53:34.695885,52.516169,13.394479
19248,2022-02-28 23:53:34.695885,52.470938,13.446372
19037,2022-02-28 23:53:34.695885,52.498502,13.446663
17294,2022-02-28 23:53:34.695885,52.506991,13.331098
18447,2022-02-28 23:53:34.695885,52.538609,13.415739
18069,2022-02-28 23:53:34.695885,52.512213,13.371954
18415,2022-02-28 23:53:34.695885,52.500791,13.393863
15740,2022-02-28 23:53:34.695885,52.505284,13.433862
17567,2022-02-28 23:53:34.695885,52.501844,13.359477
18845,2022-02-28 23:53:34.695885,52.495996,13.446139
15498,2022-02-28 23:53:34.695885,52.510173,13.4585
14368,2022-02-28 23:53:34.695885,52.499796,13.398827
18291,2022-02-28 23:53:34.695885,52.531093,13.361759
18009,2022-02-28 23:53:34.695885,52.520751,13.387864
18336,2022-02-28 23:53:34.695885,52.509569,13.38934
19186,2022-02-28 23:53:34.695885,52.517133,13.283367
17796,2022-02-28 23:53:34.695885,52.477684,13.43992
18036,2022-02-28 23:53:34.695885,52.516764,13.477936
18017,2022-02-28 23:53:34.695885,52.48948,13.347617
16548,2022-02-28 23:53:34.695885,52.479973,13.454753
18691,2022-02-28 23:53:34.695885,52.496889,13.425419
17939,2022-02-28 23:53:34.695885,52.517938,13.388869
17386,2022-02-28 23:53:34.695885,52.500316,13.362996
16862,2022-02-28 23:53:34.695885,52.502436,13.407371
17179,2022-02-28 23:53:34.695885,52.488209,13.362054
16470,2022-02-28 23:53:34.695885,52.503124,13.338927
18970,2022-02-28 23:53:34.695885,52.510391,13.303306
16986,2022-02-28 23:53:34.695885,52.498453,13.290482
17616,2022-02-28 23:53:34.695885,52.495489,13.422886
16864,2022-02-28 23:53:34.695885,52.493222,13.418143
18070,2022-02-28 23:53:34.695885,52.534756,13.596983
16486,2022-02-28 23:53:34.695885,52.526898,13.450891
17439,2022-02-28 23:53:34.695885,52.510889,13.451138
17406,2022-02-28 23:53:34.695885,52.504427,13.390128
17758,2022-02-28 23:53:34.695885,52.528369,13.33884
18958,2022-02-28 23:53:34.695885,52.525196,13.420089
18033,2022-02-28 23:53:34.695885,52.500756,13.292062
18774,2022-02-28 23:53:34.695885,52.502498,13.262836
17716,2022-02-28 23:53:34.695885,52.552751,13.399617
16467,2022-02-28 23:53:34.695885,52.505622,13.449373
16921,2022-02-28 23:53:34.695885,52.521067,13.387529
18450,2022-02-28 23:53:34.695885,52.519244,13.291477
17202,2022-02-28 23:53:34.695885,52.503964,13.405613
19114,2022-02-28 23:53:34.695885,52.528796,13.401892
18855,2022-02-28 23:53:34.695885,52.528111,13.409582
16458,2022-02-28 23:53:34.695885,52.534351,13.378981
13024,2022-02-28 23:53:34.695885,52.484837,13.455119
18341,2022-02-28 23:53:34.695885,52.515031,13.301209
17380,2022-02-28 23:53:34.695885,52.510302,13.283897
16838,2022-02-28 23:53:34.695885,52.503382,13.410872
18594,2022-02-28 23:53:34.695885,52.522231,13.403148
17421,2022-02-28 23:53:34.695885,52.515467,13.47853
16998,2022-02-28 23:53:34.695885,52.495489,13.315527
18933,2022-02-28 23:53:34.695885,52.510809,13.437093
16888,2022-02-28 23:53:34.695885,52.535902,13.427146
18208,2022-02-28 23:53:34.695885,52.509813,13.36094
16433,2022-02-28 23:53:34.695885,52.513169,13.386532
16520,2022-02-28 23:53:34.695885,52.529791,13.401442
19083,2022-02-28 23:53:34.695885,52.509538,13.389209
17503,2022-02-28 23:53:34.695885,52.488231,13.42456
17795,2022-02-28 23:53:34.695885,52.513996,13.412644
17522,2022-02-28 23:53:34.695885,52.517449,13.388586
17483,2022-02-28 23:53:34.695885,52.499964,13.408181
16469,2022-02-28 23:53:34.695885,52.473747,13.449924
18034,2022-02-28 23:53:34.695885,52.495084,13.389252
17359,2022-02-28 23:53:34.695885,52.525196,13.42558
17635,2022-02-28 23:53:34.695885,52.502498,13.380927
17241,2022-02-28 23:53:34.695885,52.538404,13.387354
15509,2022-02-28 23:53:34.695885,52.501253,13.428682
17532,2022-02-28 23:53:34.695885,52.538436,13.387326
16420,2022-02-28 23:53:34.695885,52.508773,13.369349
16800,2022-02-28 23:53:34.695885,52.50504,13.433767
17885,2022-02-28 23:53:34.695885,52.547476,13.419472
18663,2022-02-28 23:53:34.695885,52.525373,13.387279
18166,2022-02-28 23:53:34.695885,52.450009,13.316451
17601,2022-02-28 23:53:34.695885,52.520204,13.466156
19063,2022-02-28 23:53:34.695885,52.5298,13.408624
16575,2022-02-28 23:53:34.695885,52.488942,13.401202
15468,2022-02-28 23:53:34.695885,52.483871,13.400328
17474,2022-02-28 23:53:34.695885,52.525844,13.548338
16660,2022-02-28 23:53:34.695885,52.488649,13.467837
19211,2022-02-28 23:53:34.695885,52.493009,13.393289
18421,2022-02-28 23:53:34.695885,52.494889,13.431688
15186,2022-02-28 23:53:34.695885,52.503009,13.287942
18162,2022-02-28 23:53:34.695885,52.509089,13.373242
17010,2022-02-28 23:53:34.695885,52.534138,13.427032
15458,2022-02-28 23:53:34.695885,52.518698,13.407288
16995,2022-02-28 23:53:34.695885,52.50188,13.310079
17730,2022-02-28 23:53:34.695885,52.491773,13.417602
16463,2022-02-28 23:53:34.695885,52.519853,13.46354
18412,2022-02-28 23:53:34.695885,52.5028,13.338648
16535,2022-02-28 23:53:34.695885,52.483462,13.501093
15402,2022-02-28 23:53:34.695885,52.53336,13.422297
19159,2022-02-28 23:53:34.695885,52.50616,13.318277
18784,2022-02-28 23:53:34.695885,52.518067,13.38901
16403,2022-02-28 23:53:34.695885,52.518556,13.395202
17666,2022-02-28 23:53:34.695885,52.54388,13.370437
17156,2022-02-28 23:53:34.695885,52.497053,13.426109
17908,2022-02-28 23:53:34.695885,52.513551,13.4717
18840,2022-02-28 23:53:34.695885,52.489062,13.427651
19116,2022-02-28 23:53:34.695885,52.50952,13.389292
17372,2022-02-28 23:53:34.695885,52.529036,13.363332
18517,2022-02-28 23:53:34.695885,52.53396,13.421383
18420,2022-02-28 23:53:34.695885,52.497293,13.342563
19327,2022-02-28 23:53:34.695885,52.510244,13.375113
17888,2022-02-28 23:53:34.695885,52.49856,13.322581
18393,2022-02-28 23:53:34.695885,52.50968,13.466939
17636,2022-02-28 23:53:34.695885,52.524471,13.408098
19333,2022-02-28 23:53:34.695885,52.492662,13.448098
17943,2022-02-28 23:53:34.695885,52.496378,13.388708
17727,2022-02-28 23:53:34.695885,52.508667,13.391943
17683,2022-02-28 23:53:34.695885,52.498373,13.395591
16605,2022-02-28 23:53:34.695885,52.491431,13.450387
19324,2022-02-28 23:53:34.695885,52.507689,13.378599
17404,2022-02-28 23:53:34.695885,52.495404,13.301738
18530,2022-02-28 23:53:34.695885,52.485644,13.42982
18689,2022-02-28 23:53:34.695885,52.495151,13.441897
18349,2022-02-28 23:53:34.695885,52.503778,13.33006
18735,2022-02-28 23:53:34.695885,52.535227,13.41708
15515,2022-02-28 23:53:34.695885,52.503671,13.329936
17062,2022-02-28 23:53:34.695885,52.494498,13.418947
18342,2022-02-28 23:53:34.695885,52.479258,13.446621
17638,2022-02-28 23:53:34.695885,52.522876,13.388186
16558,2022-02-28 23:53:34.695885,52.516458,13.471366
18073,2022-02-28 23:53:34.695885,52.516969,13.461102
18749,2022-02-28 23:53:34.695885,52.506569,13.303158
18283,2022-02-28 23:53:34.695885,52.503027,13.461282
18814,2022-02-28 23:53:34.695885,52.537542,13.364744
16796,2022-02-28 23:53:34.695885,52.481102,13.445837
17157,2022-02-28 23:53:34.695885,52.504858,13.440384
18618,2022-02-28 23:53:34.695885,52.504484,13.396226
17792,2022-02-28 23:53:34.695885,52.495622,13.412446
19219,2022-02-28 23:53:34.695885,52.489916,13.388614
18236,2022-02-28 23:53:34.695885,52.498147,13.444326
18209,2022-02-28 23:53:34.695885,52.501587,13.282988
19004,2022-02-28 23:53:34.695885,52.505053,13.447294
18679,2022-02-28 23:53:34.695885,52.532884,13.434491
16474,2022-02-28 23:53:34.695885,52.49852,13.439683
17594,2022-02-28 23:53:34.695885,52.5058,13.33073
18105,2022-02-28 23:53:34.695885,52.476138,13.451486
19364,2022-02-28 23:53:34.695885,52.491844,13.403403
17352,2022-02-28 23:53:34.695885,52.501329,13.341616
17139,2022-02-28 23:53:34.695885,52.474738,13.427496
16592,2022-02-28 23:53:34.695885,52.517831,13.416107
19158,2022-02-28 23:53:34.695885,52.506756,13.390804
19129,2022-02-28 23:53:34.695885,52.486711,13.354968
17312,2022-02-28 23:53:34.695885,52.528924,13.385417
18181,2022-02-28 23:53:34.695885,52.513476,13.329494
18371,2022-02-28 23:53:34.695885,52.472876,13.454964
18350,2022-02-28 23:53:34.695885,52.492929,13.460593
17597,2022-02-28 23:53:34.695885,52.477991,13.312952
19030,2022-02-28 23:53:34.695885,52.490924,13.404891
17286,2022-02-28 23:53:34.695885,52.497671,13.42345
17580,2022-02-28 23:53:34.695885,52.508116,13.332547
18000,2022-02-28 23:53:34.695885,52.518569,13.407343
17697,2022-02-28 23:53:34.695885,52.5108,13.377142
16737,2022-02-28 23:53:34.695885,52.509973,13.403258
17831,2022-02-28 23:53:34.695885,52.491591,13.458651
15410,2022-02-28 23:53:34.695885,52.539964,13.397077
19337,2022-02-28 23:53:34.695885,52.503369,13.414942
17817,2022-02-28 23:53:34.695885,52.533462,13.336906
16701,2022-02-28 23:53:34.695885,52.49568,13.397009
18885,2022-02-28 23:53:34.695885,52.487622,13.4374
16886,2022-02-28 23:53:34.695885,52.517067,13.377056
15463,2022-02-28 23:53:34.695885,52.488013,13.362473
17515,2022-02-28 23:53:34.695885,52.492911,13.425354
17486,2022-02-28 23:53:34.695885,52.532644,13.385189
16509,2022-02-28 23:53:34.695885,52.533578,13.384777
17805,2022-02-28 23:53:34.695885,52.525342,13.401692
16743,2022-02-28 23:53:34.695885,52.534813,13.397194
18388,2022-02-28 23:53:34.695885,52.480182,13.44772
18312,2022-02-28 23:53:34.695885,52.459578,13.342426
17144,2022-02-28 23:53:34.695885,52.478907,13.32128
19224,2022-02-28 23:53:34.695885,52.511733,13.448737
16388,2022-02-28 23:53:34.695885,52.510604,13.458836
17485,2022-02-28 23:53:34.695885,52.511987,13.474099
16665,2022-02-28 23:53:34.695885,52.468276,13.434477
18233,2022-02-28 23:53:34.695885,52.536671,13.451263
18589,2022-02-28 23:53:34.695885,52.504484,13.3346
17071,2022-02-28 23:53:34.695885,52.500684,13.396218
18731,2022-02-28 23:53:34.695885,52.526467,13.387118
18975,2022-02-28 23:53:34.695885,52.491649,13.348539
17581,2022-02-28 23:53:34.695885,52.501391,13.464648
18616,2022-02-28 23:53:34.695885,52.466196,13.323342
17049,2022-02-28 23:53:34.695885,52.504453,13.449463
17907,2022-02-28 23:53:34.695885,52.484978,13.379328
19027,2022-02-28 23:53:34.695885,52.506756,13.449881
15453,2022-02-28 23:53:34.695885,52.506484,13.445028
16841,2022-02-28 23:53:34.695885,52.460004,13.408549
16638,2022-02-28 23:53:34.695885,52.493524,13.388408
17708,2022-02-28 23:53:34.695885,52.493107,13.39498
18563,2022-02-28 23:53:34.695885,52.532836,13.391463
16911,2022-02-28 23:53:34.695885,52.492502,13.452083
16661,2022-02-28 23:53:34.695885,52.530827,13.306147
17378,2022-02-28 23:53:34.695885,52.517787,13.397958
19207,2022-02-28 23:53:34.695885,52.501133,13.419859
15440,2022-02-28 23:53:34.695885,52.518427,13.387166
18483,2022-02-28 23:53:34.695885,52.534947,13.41664
19110,2022-02-28 23:53:34.695885,52.487493,13.387142
17983,2022-02-28 23:53:34.695885,52.527898,13.395292
17940,2022-02-28 23:53:34.695885,52.49532,13.420322
18062,2022-02-28 23:53:34.695885,52.49944,13.427706
16883,2022-02-28 23:53:34.695885,52.535409,13.416943
17631,2022-02-28 23:53:34.695885,52.500911,13.324937
17661,2022-02-28 23:53:34.695885,52.5066,13.33126
17388,2022-02-28 23:53:34.695885,52.529253,13.359537
17844,2022-02-28 23:53:34.695885,52.501342,13.364141
18265,2022-02-28 23:53:34.695885,52.482529,13.428799
18319,2022-02-28 23:53:34.695885,52.493596,13.462256
16481,2022-02-28 23:53:34.695885,52.530747,13.429576
15713,2022-02-28 23:53:34.695885,52.497933,13.365507
17461,2022-02-28 23:53:34.695885,52.503907,13.409181
15459,2022-02-28 23:53:34.695885,52.497631,13.423262
17502,2022-02-28 23:53:34.695885,52.542244,13.351401
19309,2022-02-28 23:53:34.695885,52.466138,13.373973
16872,2022-02-28 23:53:34.695885,52.478084,13.328007
18215,2022-02-28 23:53:34.695885,52.475169,13.366451
15497,2022-02-28 23:53:34.695885,52.517133,13.377211
15513,2022-02-28 23:53:34.695885,52.480147,13.436576
16708,2022-02-28 23:53:34.695885,52.518102,13.441331
18656,2022-02-28 23:53:34.695885,52.49964,13.294411
16384,2022-02-28 23:53:34.695885,52.519311,13.399427
17311,2022-02-28 23:53:34.695885,52.527236,13.401266
17715,2022-02-28 23:53:34.695885,52.480991,13.433008
17095,2022-02-28 23:53:34.695885,52.491391,13.436617
17742,2022-02-28 23:53:34.695885,52.513249,13.470611
18552,2022-02-28 23:53:34.695885,52.500791,13.363482
15539,2022-02-28 23:53:34.695885,52.509378,13.407337
18936,2022-02-28 23:53:34.695885,52.494342,13.410372
17745,2022-02-28 23:53:34.695885,52.487093,13.425096
18924,2022-02-28 23:53:34.695885,52.478987,13.447814
17814,2022-02-28 23:53:34.695885,52.510351,13.390188
19068,2022-02-28 23:53:34.695885,52.542467,13.373522
18881,2022-02-28 23:53:34.695885,52.524693,13.409113
16614,2022-02-28 23:53:34.695885,52.498982,13.302338
18222,2022-02-28 23:53:34.695885,52.52024,13.405927
17374,2022-02-28 23:53:34.695885,52.527107,13.38807
19143,2022-02-28 23:53:34.695885,52.534049,13.512826
17341,2022-02-28 23:53:34.695885,52.502342,13.419053
16906,2022-02-28 23:53:34.695885,52.502156,13.319489
18593,2022-02-28 23:53:34.695885,52.500876,13.420643
17384,2022-02-28 23:53:34.695885,52.505613,13.334151
17557,2022-02-28 23:53:34.695885,52.52012,13.4014
19388,2022-02-28 23:53:34.695885,52.481316,13.429254
18939,2022-02-28 23:53:34.695885,52.509538,13.45767
17651,2022-02-28 23:53:34.695885,52.504173,13.287146
17085,2022-02-28 23:53:34.695885,52.520742,13.422656
19252,2022-02-28 23:53:34.695885,52.521436,13.400274
16668,2022-02-28 23:53:34.695885,52.529809,13.347764
19163,2022-02-28 23:53:34.695885,52.510507,13.432322
16612,2022-02-28 23:53:34.695885,52.518244,13.303831
18134,2022-02-28 23:53:34.695885,52.522093,13.359227
