0,1,2,3
13013,2022-02-25 09:05:06.033501,52.501855,13.316879
13391,2022-02-25 09:05:06.033501,52.528143,13.392144
14553,2022-02-25 09:05:06.033501,52.511937,13.408501
13411,2022-02-25 09:05:06.033501,52.509865,13.381383
13503,2022-02-25 09:05:06.033501,52.521414,13.485667
13022,2022-02-25 09:05:06.033501,52.519586,13.421872
13601,2022-02-25 09:05:06.033501,52.531871,13.342972
14575,2022-02-25 09:05:06.033501,52.529268,13.387696
13055,2022-02-25 09:05:06.033501,52.470486,13.442489
13204,2022-02-25 09:05:06.033501,52.528398,13.468713
13229,2022-02-25 09:05:06.033501,52.491439,13.426054
13101,2022-02-25 09:05:06.033501,52.500584,13.366287
13360,2022-02-25 09:05:06.033501,52.506974,13.385979
13928,2022-02-25 09:05:06.033501,52.51589,13.402768
14502,2022-02-25 09:05:06.033501,52.537646,13.401743
13831,2022-02-25 09:05:06.033501,52.494237,13.372173
13951,2022-02-25 09:05:06.033501,52.500584,13.366287
14446,2022-02-25 09:05:06.033501,52.484776,13.43105
13659,2022-02-25 09:05:06.033501,52.50655,13.371926
13534,2022-02-25 09:05:06.033501,52.529268,13.387696
14450,2022-02-25 09:05:06.033501,52.501996,13.421192
15114,2022-02-25 09:05:06.033501,52.529278,13.387693
14945,2022-02-25 09:05:06.033501,52.526796,13.411078
13697,2022-02-25 09:05:06.033501,52.501991,13.416296
15022,2022-02-25 09:05:06.033501,52.50681,13.289327
14857,2022-02-25 09:05:06.033501,52.52969,13.45723
14363,2022-02-25 09:05:06.033501,52.510006,13.36465
15055,2022-02-25 09:05:06.033501,52.546602,13.40997
14785,2022-02-25 09:05:06.033501,52.50442,13.434614
15900,2022-02-25 09:05:06.033501,52.527093,13.398177
15832,2022-02-25 09:05:06.033501,52.546593,13.409986
15381,2022-02-25 09:05:06.033501,52.552848,13.357288
15214,2022-02-25 09:05:06.033501,52.504466,13.434643
16075,2022-02-25 09:05:06.033501,52.515824,13.402785
15320,2022-02-25 09:05:06.033501,52.513688,13.406205
15915,2022-02-25 09:05:06.033501,52.515779,13.402832
15343,2022-02-25 09:05:06.033501,52.515824,13.402785
16185,2022-02-25 09:05:06.033501,52.536414,13.420422
16203,2022-02-25 09:05:06.033501,52.508691,13.372058
16310,2022-02-25 09:05:06.033501,52.470475,13.442492
14007,2022-02-25 09:05:06.033501,52.501951,13.416244
14353,2022-02-25 09:05:06.033501,52.513001,13.403951
19988,2022-02-25 09:05:06.033501,52.521182,13.309776
13566,2022-02-25 09:05:06.033501,52.510099,13.307273
14029,2022-02-25 09:05:06.033501,52.505689,13.386357
14820,2022-02-25 09:05:06.033501,52.50502,13.439838
15059,2022-02-25 09:05:06.033501,52.503751,13.291298
16024,2022-02-25 09:05:06.033501,52.502507,13.324154
16051,2022-02-25 09:05:06.033501,52.508243,13.332507
15174,2022-02-25 09:05:06.033501,52.480093,13.351993
13339,2022-02-25 09:05:06.033501,52.479984,13.351905
13242,2022-02-25 09:05:06.033501,52.503456,13.469741
14286,2022-02-25 09:05:06.033501,52.967277,13.42528
14645,2022-02-25 09:05:06.033501,52.49468,13.299443
14830,2022-02-25 09:05:06.033501,52.496439,13.299733
13454,2022-02-25 09:05:06.033501,52.49411,13.304867
16234,2022-02-25 09:05:06.033501,52.52077,13.431025
13719,2022-02-25 09:05:06.033501,52.51297,13.283676
15872,2022-02-25 09:05:06.033501,52.496825,13.324139
13011,2022-02-25 09:05:06.033501,52.518621,13.480186
14082,2022-02-25 09:05:06.033501,52.520231,13.399645
13772,2022-02-25 09:05:06.033501,52.480221,13.340751
14109,2022-02-25 09:05:06.033501,52.507978,13.308037
14063,2022-02-25 09:05:06.033501,52.495323,13.347756
13412,2022-02-25 09:05:06.033501,52.493948,13.325962
14517,2022-02-25 09:05:06.033501,52.490469,13.321273
14246,2022-02-25 09:05:06.033501,52.515809,13.451462
14893,2022-02-25 09:05:06.033501,52.480041,13.320521
16069,2022-02-25 09:05:06.033501,52.523451,13.332263
14544,2022-02-25 09:05:06.033501,52.512848,13.440095
15167,2022-02-25 09:05:06.033501,52.516334,13.40458
14952,2022-02-25 09:05:06.033501,52.495925,13.305267
16097,2022-02-25 09:05:06.033501,52.515237,13.300805
14048,2022-02-25 09:05:06.033501,52.531169,13.402472
15145,2022-02-25 09:05:06.033501,52.494576,13.300682
14583,2022-02-25 09:05:06.033501,52.474145,13.451032
14260,2022-02-25 09:05:06.033501,52.508019,13.372787
16132,2022-02-25 09:05:06.033501,52.503279,13.315404
15904,2022-02-25 09:05:06.033501,52.506428,13.313822
14769,2022-02-25 09:05:06.033501,52.505691,13.442789
14762,2022-02-25 09:05:06.033501,52.497434,13.292305
14825,2022-02-25 09:05:06.033501,52.504341,13.404416
13093,2022-02-25 09:05:06.033501,52.51576,13.40743
13415,2022-02-25 09:05:06.033501,52.515753,13.407341
13060,2022-02-25 09:05:06.033501,52.502779,13.378776
15293,2022-02-25 09:05:06.033501,52.50934,13.376744
13525,2022-02-25 09:05:06.033501,52.517937,13.384688
16301,2022-02-25 09:05:06.033501,52.505076,13.449604
13429,2022-02-25 09:05:06.033501,52.502005,13.434545
15061,2022-02-25 09:05:06.033501,52.502358,13.369596
13618,2022-02-25 09:05:06.033501,52.511914,13.469176
16350,2022-02-25 09:05:06.033501,52.515441,13.400996
13791,2022-02-25 09:05:06.033501,52.494045,13.356672
16189,2022-02-25 09:05:06.033501,52.513721,13.387434
15021,2022-02-25 09:05:06.033501,52.502771,13.320674
14817,2022-02-25 09:05:06.033501,52.55214,13.416133
15054,2022-02-25 09:05:06.033501,52.506547,13.305781
13141,2022-02-25 09:05:06.033501,52.508953,13.377006
13632,2022-02-25 09:05:06.033501,52.514943,13.287886
14979,2022-02-25 09:05:06.033501,52.508935,13.461133
13102,2022-02-25 09:05:06.033501,52.475143,13.45478
14703,2022-02-25 09:05:06.033501,52.504501,13.317392
13071,2022-02-25 09:05:06.033501,52.487959,13.426966
13587,2022-02-25 09:05:06.033501,52.539433,13.300894
13387,2022-02-25 09:05:06.033501,52.522642,13.409567
14887,2022-02-25 09:05:06.033501,52.508775,13.309469
13381,2022-02-25 09:05:06.033501,52.485856,13.391128
15356,2022-02-25 09:05:06.033501,52.495008,13.304828
15031,2022-02-25 09:05:06.033501,52.484686,13.431012
15829,2022-02-25 09:05:06.033501,52.500916,13.336637
13614,2022-02-25 09:05:06.033501,52.504395,13.442238
13438,2022-02-25 09:05:06.033501,52.512578,13.403055
13684,2022-02-25 09:05:06.033501,52.536649,13.370409
15807,2022-02-25 09:05:06.033501,53.484562,14.52195
13766,2022-02-25 09:05:06.033501,52.483072,13.441806
13485,2022-02-25 09:05:06.033501,52.523998,13.382273
13563,2022-02-25 09:05:06.033501,52.541073,13.432043
13755,2022-02-25 09:05:06.033501,52.525214,13.499511
14816,2022-02-25 09:05:06.033501,52.534948,13.365487
13249,2022-02-25 09:05:06.033501,52.514407,13.392165
14489,2022-02-25 09:05:06.033501,52.519677,13.464358
13471,2022-02-25 09:05:06.033501,52.488145,13.429491
16177,2022-02-25 09:05:06.033501,52.48253,13.376001
14955,2022-02-25 09:05:06.033501,52.50084,13.414326
14960,2022-02-25 09:05:06.033501,52.491346,13.386452
13912,2022-02-25 09:05:06.033501,52.492406,13.491687
14189,2022-02-25 09:05:06.033501,52.513428,13.288047
13290,2022-02-25 09:05:06.033501,52.486992,13.408038
14012,2022-02-25 09:05:06.033501,52.496661,13.40547
13183,2022-02-25 09:05:06.033501,52.520264,13.3995
16123,2022-02-25 09:05:06.033501,52.52527,13.379162
15017,2022-02-25 09:05:06.033501,52.482849,13.333175
15387,2022-02-25 09:05:06.033501,52.519593,13.379956
14546,2022-02-25 09:05:06.033501,52.519549,13.37995
16074,2022-02-25 09:05:06.033501,52.493894,13.41771
18556,2022-02-25 09:05:06.033501,52.5098,13.455212
15062,2022-02-25 09:05:06.033501,52.466934,13.309435
16479,2022-02-25 09:05:06.033501,52.515316,13.300268
14445,2022-02-25 09:05:06.033501,52.51097,13.49979
13497,2022-02-25 09:05:06.033501,52.517936,13.457362
13118,2022-02-25 09:05:06.033501,52.516683,13.381128
13142,2022-02-25 09:05:06.033501,52.507436,13.46892
14981,2022-02-25 09:05:06.033501,52.50274,13.39396
13671,2022-02-25 09:05:06.033501,52.51462,13.370866
15808,2022-02-25 09:05:06.033501,52.514508,13.370888
16279,2022-02-25 09:05:06.033501,52.51527,13.405075
19964,2022-02-25 09:05:06.033501,52.489353,13.426561
16031,2022-02-25 09:05:06.033501,52.491362,13.346986
13488,2022-02-25 09:05:06.033501,52.481483,13.439715
16104,2022-02-25 09:05:06.033501,52.512736,13.423812
13059,2022-02-25 09:05:06.033501,52.569631,13.404365
15093,2022-02-25 09:05:06.033501,52.506383,13.30981
14244,2022-02-25 09:05:06.033501,52.505388,13.347655
15919,2022-02-25 09:05:06.033501,52.529453,13.407452
14040,2022-02-25 09:05:06.033501,52.519399,13.393179
16305,2022-02-25 09:05:06.033501,52.519079,13.402469
15228,2022-02-25 09:05:06.033501,52.522232,13.288124
16250,2022-02-25 09:05:06.033501,52.508701,13.347814
13529,2022-02-25 09:05:06.033501,52.475217,13.366419
13799,2022-02-25 09:05:06.033501,52.504596,13.352706
13348,2022-02-25 09:05:06.033501,52.49532,13.301242
16738,2022-02-25 09:05:06.033501,52.521836,13.423309
15307,2022-02-25 09:05:06.033501,52.472197,13.314206
15268,2022-02-25 09:05:06.033501,52.503311,13.420839
15883,2022-02-25 09:05:06.033501,52.497232,13.342316
13184,2022-02-25 09:05:06.033501,52.509918,13.410739
14342,2022-02-25 09:05:06.033501,52.509704,13.329334
15094,2022-02-25 09:05:06.033501,52.513795,13.377452
16507,2022-02-25 09:05:06.033501,52.509244,13.341768
14777,2022-02-25 09:05:06.033501,52.49145,13.32858
14639,2022-02-25 09:05:06.033501,52.528951,13.408195
15937,2022-02-25 09:05:06.033501,52.507843,13.387578
18612,2022-02-25 09:05:06.033501,52.502636,13.33641
15315,2022-02-25 09:05:06.033501,52.501944,13.360077
18020,2022-02-25 09:05:06.033501,52.507658,13.377639
17820,2022-02-25 09:05:06.033501,52.52452,13.405186
13567,2022-02-25 09:05:06.033501,52.495285,13.383937
18527,2022-02-25 09:05:06.033501,52.498356,13.326156
13544,2022-02-25 09:05:06.033501,52.508243,13.392701
14536,2022-02-25 09:05:06.033501,52.532306,13.313261
16431,2022-02-25 09:05:06.033501,52.510613,13.288039
13310,2022-02-25 09:05:06.033501,52.524958,13.381155
19036,2022-02-25 09:05:06.033501,52.506578,13.291028
14988,2022-02-25 09:05:06.033501,52.507515,13.378076
14472,2022-02-25 09:05:06.033501,52.504703,13.317237
14592,2022-02-25 09:05:06.033501,52.521916,13.401906
13066,2022-02-25 09:05:06.033501,52.534679,13.424914
14754,2022-02-25 09:05:06.033501,52.534669,13.424399
15071,2022-02-25 09:05:06.033501,52.505556,13.364024
16417,2022-02-25 09:05:06.033501,52.521484,13.40402
16312,2022-02-25 09:05:06.033501,52.496155,13.420938
15321,2022-02-25 09:05:06.033501,52.540005,13.470648
18383,2022-02-25 09:05:06.033501,52.525227,13.337551
15156,2022-02-25 09:05:06.033501,52.492942,13.425611
13068,2022-02-25 09:05:06.033501,52.50994,13.436084
13104,2022-02-25 09:05:06.033501,52.489877,13.385958
14327,2022-02-25 09:05:06.033501,52.487925,13.426941
14474,2022-02-25 09:05:06.033501,52.512695,13.404413
14908,2022-02-25 09:05:06.033501,52.479858,13.33248
14320,2022-02-25 09:05:06.033501,52.50454,13.390048
15005,2022-02-25 09:05:06.033501,52.504111,13.345917
18583,2022-02-25 09:05:06.033501,52.516013,13.465188
13064,2022-02-25 09:05:06.033501,52.523109,13.377569
13455,2022-02-25 09:05:06.033501,52.510282,13.377682
15826,2022-02-25 09:05:06.033501,52.493049,13.393179
15316,2022-02-25 09:05:06.033501,52.516203,13.401369
14968,2022-02-25 09:05:06.033501,52.517973,13.378425
16095,2022-02-25 09:05:06.033501,52.512448,13.316598
19994,2022-02-25 09:05:06.033501,52.505888,13.333606
13815,2022-02-25 09:05:06.033501,52.506931,13.305554
14629,2022-02-25 09:05:06.033501,52.506942,13.449679
18892,2022-02-25 09:05:06.033501,52.526196,13.379176
13178,2022-02-25 09:05:06.033501,52.52255,13.3925
14747,2022-02-25 09:05:06.033501,52.505921,13.467412
13253,2022-02-25 09:05:06.033501,52.484474,13.431158
15361,2022-02-25 09:05:06.033501,52.501165,13.477164
13785,2022-02-25 09:05:06.033501,52.509172,13.379003
14915,2022-02-25 09:05:06.033501,52.509352,13.378998
18619,2022-02-25 09:05:06.033501,52.51472,13.384444
13320,2022-02-25 09:05:06.033501,52.506675,13.308961
13551,2022-02-25 09:05:06.033501,52.473548,13.448132
14266,2022-02-25 09:05:06.033501,52.537389,13.426685
15827,2022-02-25 09:05:06.033501,52.472773,13.448205
18985,2022-02-25 09:05:06.033501,52.510778,13.436741
16432,2022-02-25 09:05:06.033501,52.50104,13.417369
13542,2022-02-25 09:05:06.033501,52.500026,13.322808
13807,2022-02-25 09:05:06.033501,52.516924,13.385792
13916,2022-02-25 09:05:06.033501,52.504617,13.334459
14079,2022-02-25 09:05:06.033501,52.492462,13.440602
13251,2022-02-25 09:05:06.033501,52.552688,13.37619
16187,2022-02-25 09:05:06.033501,52.521213,13.404108
14790,2022-02-25 09:05:06.033501,52.504817,13.334348
14809,2022-02-25 09:05:06.033501,52.503096,13.328791
14711,2022-02-25 09:05:06.033501,52.476199,13.447441
13579,2022-02-25 09:05:06.033501,52.506793,13.333188
13692,2022-02-25 09:05:06.033501,52.483474,13.361545
17583,2022-02-25 09:05:06.033501,52.520502,13.401227
13194,2022-02-25 09:05:06.033501,52.504214,13.415881
14538,2022-02-25 09:05:06.033501,52.482912,13.441767
14712,2022-02-25 09:05:06.033501,52.43937,13.342021
16174,2022-02-25 09:05:06.033501,52.503723,13.303549
15368,2022-02-25 09:05:06.033501,52.510627,13.395903
14971,2022-02-25 09:05:06.033501,52.491549,13.394693
13519,2022-02-25 09:05:06.033501,52.499104,13.424657
15216,2022-02-25 09:05:06.033501,52.52332,13.33978
13344,2022-02-25 09:05:06.033501,52.509875,13.447649
14944,2022-02-25 09:05:06.033501,52.503565,13.4963
17944,2022-02-25 09:05:06.033501,52.4858,13.355501
13960,2022-02-25 09:05:06.033501,52.516494,13.382473
13220,2022-02-25 09:05:06.033501,52.495141,13.419392
17192,2022-02-25 09:05:06.033501,52.50012,13.463542
18406,2022-02-25 09:05:06.033501,52.506578,13.285246
15233,2022-02-25 09:05:06.033501,52.49802,13.391616
19055,2022-02-25 09:05:06.033501,52.49816,13.36026
14273,2022-02-25 09:05:06.033501,52.504757,13.366969
14106,2022-02-25 09:05:06.033501,52.504314,13.404525
18352,2022-02-25 09:05:06.033501,52.495369,13.361517
17896,2022-02-25 09:05:06.033501,52.519582,13.375574
13243,2022-02-25 09:05:06.033501,52.44372,13.315284
13047,2022-02-25 09:05:06.033501,52.493878,13.435878
14975,2022-02-25 09:05:06.033501,52.492584,13.388783
16770,2022-02-25 09:05:06.033501,52.522791,13.440527
15852,2022-02-25 09:05:06.033501,52.507705,13.372827
13499,2022-02-25 09:05:06.033501,52.517054,13.341952
13083,2022-02-25 09:05:06.033501,52.502104,13.409597
19046,2022-02-25 09:05:06.033501,52.496573,13.411324
13258,2022-02-25 09:05:06.033501,52.547389,13.399367
13995,2022-02-25 09:05:06.033501,52.499443,13.354165
13236,2022-02-25 09:05:06.033501,52.506779,13.30665
14588,2022-02-25 09:05:06.033501,52.507848,13.305973
13371,2022-02-25 09:05:06.033501,52.497791,13.436723
15828,2022-02-25 09:05:06.033501,52.526391,13.393365
16631,2022-02-25 09:05:06.033501,52.528307,13.410274
14779,2022-02-25 09:05:06.033501,52.514381,13.395618
16181,2022-02-25 09:05:06.033501,52.483083,13.441574
16217,2022-02-25 09:05:06.033501,52.492626,13.370623
13977,2022-02-25 09:05:06.033501,52.492286,13.423526
13465,2022-02-25 09:05:06.033501,52.510441,13.390958
14002,2022-02-25 09:05:06.033501,52.498172,13.296902
13057,2022-02-25 09:05:06.033501,52.493772,13.421007
16721,2022-02-25 09:05:06.033501,52.491018,13.35669
16749,2022-02-25 09:05:06.033501,52.523707,13.419389
16182,2022-02-25 09:05:06.033501,52.482717,13.442145
14872,2022-02-25 09:05:06.033501,52.533808,13.443867
17754,2022-02-25 09:05:06.033501,52.491267,13.390729
15325,2022-02-25 09:05:06.033501,52.507348,13.303514
14803,2022-02-25 09:05:06.033501,52.520614,13.493056
14045,2022-02-25 09:05:06.033501,52.49628,13.423686
16364,2022-02-25 09:05:06.033501,52.5372,13.422866
14970,2022-02-25 09:05:06.033501,52.506156,13.330357
14596,2022-02-25 09:05:06.033501,52.49237,13.431809
16060,2022-02-25 09:05:06.033501,52.547052,13.367458
15247,2022-02-25 09:05:06.033501,52.516231,13.401267
14913,2022-02-25 09:05:06.033501,52.48695,13.35012
14608,2022-02-25 09:05:06.033501,52.509505,13.373306
14964,2022-02-25 09:05:06.033501,52.487215,13.315491
13347,2022-02-25 09:05:06.033501,52.529809,13.319293
16669,2022-02-25 09:05:06.033501,52.525636,13.388521
16059,2022-02-25 09:05:06.033501,52.509113,13.286539
14836,2022-02-25 09:05:06.033501,52.489292,13.39589
14990,2022-02-25 09:05:06.033501,52.504417,13.468428
13002,2022-02-25 09:05:06.033501,52.505848,13.419552
16662,2022-02-25 09:05:06.033501,52.49544,13.389762
14744,2022-02-25 09:05:06.033501,52.519322,13.409061
16342,2022-02-25 09:05:06.033501,52.429632,13.469105
13941,2022-02-25 09:05:06.033501,52.467414,13.431618
15253,2022-02-25 09:05:06.033501,52.553228,13.570023
16112,2022-02-25 09:05:06.033501,52.516686,13.404657
14312,2022-02-25 09:05:06.033501,52.513289,13.438727
13115,2022-02-25 09:05:06.033501,52.475773,13.427432
16752,2022-02-25 09:05:06.033501,52.507689,13.319483
19168,2022-02-25 09:05:06.033501,52.527387,13.415599
16834,2022-02-25 09:05:06.033501,52.513493,13.38187
13245,2022-02-25 09:05:06.033501,52.485476,13.442843
13023,2022-02-25 09:05:06.033501,52.506422,13.372874
17951,2022-02-25 09:05:06.033501,52.495751,13.433673
14654,2022-02-25 09:05:06.033501,52.505235,13.411323
16361,2022-02-25 09:05:06.033501,52.494568,13.418643
16213,2022-02-25 09:05:06.033501,52.485628,13.362782
14531,2022-02-25 09:05:06.033501,52.498062,13.438087
14169,2022-02-25 09:05:06.033501,52.501044,13.42631
13222,2022-02-25 09:05:06.033501,52.517327,13.431464
13401,2022-02-25 09:05:06.033501,52.527785,13.381432
13234,2022-02-25 09:05:06.033501,52.497806,13.360867
14916,2022-02-25 09:05:06.033501,52.533789,13.426797
14368,2022-02-25 09:05:06.033501,52.493266,13.424571
17316,2022-02-25 09:05:06.033501,52.502333,13.297253
13291,2022-02-25 09:05:06.033501,52.498138,13.4361
19102,2022-02-25 09:05:06.033501,52.525507,13.393277
14343,2022-02-25 09:05:06.033501,52.488245,13.396708
13857,2022-02-25 09:05:06.033501,52.519034,13.31591
14410,2022-02-25 09:05:06.033501,52.492342,13.424067
14092,2022-02-25 09:05:06.033501,52.492378,13.431102
18368,2022-02-25 09:05:06.033501,52.511396,13.377757
18706,2022-02-25 09:05:06.033501,52.511516,13.40012
15265,2022-02-25 09:05:06.033501,52.505021,13.442138
17314,2022-02-25 09:05:06.033501,52.502889,13.401943
14188,2022-02-25 09:05:06.033501,52.50899,13.376036
14661,2022-02-25 09:05:06.033501,52.501522,13.399402
19108,2022-02-25 09:05:06.033501,52.474978,13.44754
17691,2022-02-25 09:05:06.033501,52.504698,13.341199
16764,2022-02-25 09:05:06.033501,52.54288,13.425122
14498,2022-02-25 09:05:06.033501,52.481762,13.347505
13757,2022-02-25 09:05:06.033501,52.500665,13.40838
14009,2022-02-25 09:05:06.033501,52.426702,13.481044
15314,2022-02-25 09:05:06.033501,52.510707,13.436626
13140,2022-02-25 09:05:06.033501,52.518168,13.380674
15140,2022-02-25 09:05:06.033501,52.501821,13.409622
16043,2022-02-25 09:05:06.033501,52.520636,13.569307
13337,2022-02-25 09:05:06.033501,52.47969,13.454275
16032,2022-02-25 09:05:06.033501,52.480178,13.382691
14821,2022-02-25 09:05:06.033501,52.529227,13.591336
13015,2022-02-25 09:05:06.033501,52.53326,13.432978
16014,2022-02-25 09:05:06.033501,52.484135,13.438681
14943,2022-02-25 09:05:06.033501,52.523515,13.402543
14631,2022-02-25 09:05:06.033501,52.498291,13.31856
13620,2022-02-25 09:05:06.033501,52.483867,13.447136
13647,2022-02-25 09:05:06.033501,52.522751,13.381895
13448,2022-02-25 09:05:06.033501,52.497696,13.447918
14300,2022-02-25 09:05:06.033501,52.505793,13.320951
14566,2022-02-25 09:05:06.033501,52.4979,13.431278
14636,2022-02-25 09:05:06.033501,52.512778,13.321154
13198,2022-02-25 09:05:06.033501,52.508352,13.258626
14458,2022-02-25 09:05:06.033501,52.492407,13.418165
18451,2022-02-25 09:05:06.033501,52.490187,13.425472
14980,2022-02-25 09:05:06.033501,52.532142,13.324284
13909,2022-02-25 09:05:06.033501,52.516662,13.309495
15961,2022-02-25 09:05:06.033501,52.506658,13.468308
14771,2022-02-25 09:05:06.033501,52.509956,13.37531
13440,2022-02-25 09:05:06.033501,52.473143,13.450003
13289,2022-02-25 09:05:06.033501,52.539039,13.407975
15065,2022-02-25 09:05:06.033501,52.511359,13.401207
14828,2022-02-25 09:05:06.033501,52.559275,13.379132
18028,2022-02-25 09:05:06.033501,52.499258,13.431077
13594,2022-02-25 09:05:06.033501,52.518124,13.437271
16277,2022-02-25 09:05:06.033501,52.553624,13.399318
15854,2022-02-25 09:05:06.033501,52.437595,13.647766
14891,2022-02-25 09:05:06.033501,52.49151,13.457793
13336,2022-02-25 09:05:06.033501,52.539661,13.359292
14696,2022-02-25 09:05:06.033501,52.514736,13.442688
15911,2022-02-25 09:05:06.033501,52.522687,13.449898
14806,2022-02-25 09:05:06.033501,52.488491,13.461498
16114,2022-02-25 09:05:06.033501,52.490312,13.442717
14919,2022-02-25 09:05:06.033501,52.50672,13.410191
13964,2022-02-25 09:05:06.033501,52.475257,13.44738
14799,2022-02-25 09:05:06.033501,52.530083,13.386379
14090,2022-02-25 09:05:06.033501,52.486943,13.424834
13458,2022-02-25 09:05:06.033501,53.490077,13.351947
13244,2022-02-25 09:05:06.033501,52.543104,13.338949
16351,2022-02-25 09:05:06.033501,52.510824,13.295013
15388,2022-02-25 09:05:06.033501,52.498482,13.437237
15258,2022-02-25 09:05:06.033501,52.473271,13.465364
13461,2022-02-25 09:05:06.033501,52.524018,13.415226
14143,2022-02-25 09:05:06.033501,52.510889,13.374096
18216,2022-02-25 09:05:06.033501,52.500862,13.408472
13385,2022-02-25 09:05:06.033501,52.530057,13.381206
16161,2022-02-25 09:05:06.033501,52.528441,13.337318
13326,2022-02-25 09:05:06.033501,52.524119,13.439554
13603,2022-02-25 09:05:06.033501,52.501878,13.409505
15824,2022-02-25 09:05:06.033501,52.480739,13.324341
16242,2022-02-25 09:05:06.033501,52.49253,13.438965
14788,2022-02-25 09:05:06.033501,52.507879,13.4672
15204,2022-02-25 09:05:06.033501,52.51248,13.433801
14324,2022-02-25 09:05:06.033501,52.522245,13.376212
16314,2022-02-25 09:05:06.033501,52.510545,13.310708
17469,2022-02-25 09:05:06.033501,52.526627,13.380589
13674,2022-02-25 09:05:06.033501,52.495218,13.46175
17560,2022-02-25 09:05:06.033501,52.495489,13.29326
14666,2022-02-25 09:05:06.033501,52.5036,13.359432
13431,2022-02-25 09:05:06.033501,52.499348,13.387323
13714,2022-02-25 09:05:06.033501,52.486676,13.386029
14556,2022-02-25 09:05:06.033501,52.502422,13.369717
13037,2022-02-25 09:05:06.033501,52.523677,13.378079
13205,2022-02-25 09:05:06.033501,52.520001,13.337674
14249,2022-02-25 09:05:06.033501,52.518206,13.451047
16180,2022-02-25 09:05:06.033501,52.51718,13.437697
14112,2022-02-25 09:05:06.033501,52.474625,13.370788
13668,2022-02-25 09:05:06.033501,52.496149,13.421318
14540,2022-02-25 09:05:06.033501,52.493357,13.353442
13753,2022-02-25 09:05:06.033501,52.505632,13.334028
14948,2022-02-25 09:05:06.033501,52.499693,13.428529
13103,2022-02-25 09:05:06.033501,52.510132,13.326574
13264,2022-02-25 09:05:06.033501,52.518685,13.420444
19130,2022-02-25 09:05:06.033501,52.514453,13.474613
13081,2022-02-25 09:05:06.033501,52.511866,13.448478
15871,2022-02-25 09:05:06.033501,52.500549,13.31188
15287,2022-02-25 09:05:06.033501,52.50054,13.409409
13179,2022-02-25 09:05:06.033501,52.505706,13.33409
14395,2022-02-25 09:05:06.033501,52.500742,13.414993
14929,2022-02-25 09:05:06.033501,52.499697,13.296424
13784,2022-02-25 09:05:06.033501,52.48819,13.33941
15138,2022-02-25 09:05:06.033501,52.50324,13.410635
13376,2022-02-25 09:05:06.033501,52.528159,13.391551
14982,2022-02-25 09:05:06.033501,52.509982,13.399026
16018,2022-02-25 09:05:06.033501,52.497981,13.435857
14797,2022-02-25 09:05:06.033501,52.510918,13.39674
13130,2022-02-25 09:05:06.033501,52.50296,13.440821
16245,2022-02-25 09:05:06.033501,52.506872,13.391573
16151,2022-02-25 09:05:06.033501,52.500395,13.433965
13552,2022-02-25 09:05:06.033501,52.524312,13.369667
14147,2022-02-25 09:05:06.033501,52.508687,13.441561
13463,2022-02-25 09:05:06.033501,52.518836,13.364924
13077,2022-02-25 09:05:06.033501,52.517778,13.415887
18885,2022-02-25 09:05:06.033501,52.562498,13.366427
13873,2022-02-25 09:05:06.033501,52.496413,13.365519
14669,2022-02-25 09:05:06.033501,52.496127,13.425888
14173,2022-02-25 09:05:06.033501,52.502027,13.428714
14435,2022-02-25 09:05:06.033501,52.512814,13.297447
14027,2022-02-25 09:05:06.033501,52.502813,13.438725
13312,2022-02-25 09:05:06.033501,52.485142,13.437822
14773,2022-02-25 09:05:06.033501,52.510719,13.458519
15243,2022-02-25 09:05:06.033501,52.4922,13.389742
15352,2022-02-25 09:05:06.033501,52.529338,13.408238
15141,2022-02-25 09:05:06.033501,52.49316,13.414863
15893,2022-02-25 09:05:06.033501,52.507585,13.304255
15939,2022-02-25 09:05:06.033501,52.517591,13.396527
17112,2022-02-25 09:05:06.033501,52.485116,13.455298
14680,2022-02-25 09:05:06.033501,52.49624,13.421112
16063,2022-02-25 09:05:06.033501,52.535782,13.417292
15269,2022-02-25 09:05:06.033501,52.510506,13.458563
15891,2022-02-25 09:05:06.033501,52.490663,13.410163
13484,2022-02-25 09:05:06.033501,52.52461,13.363979
16071,2022-02-25 09:05:06.033501,52.532202,13.341554
14720,2022-02-25 09:05:06.033501,52.481034,13.422457
16121,2022-02-25 09:05:06.033501,52.510428,13.378355
14974,2022-02-25 09:05:06.033501,52.518198,13.304415
13763,2022-02-25 09:05:06.033501,52.501967,13.342669
13175,2022-02-25 09:05:06.033501,52.50564,13.470969
14563,2022-02-25 09:05:06.033501,52.485352,13.449143
16454,2022-02-25 09:05:06.033501,52.548884,13.404779
14819,2022-02-25 09:05:06.033501,52.520491,13.327602
13272,2022-02-25 09:05:06.033501,52.491206,13.392588
15236,2022-02-25 09:05:06.033501,52.485652,13.423892
14506,2022-02-25 09:05:06.033501,52.530706,13.342681
15938,2022-02-25 09:05:06.033501,52.494465,13.380834
13954,2022-02-25 09:05:06.033501,52.508619,13.350181
18670,2022-02-25 09:05:06.033501,52.50576,13.449968
18586,2022-02-25 09:05:06.033501,52.50096,13.381879
17038,2022-02-25 09:05:06.033501,52.512516,13.411247
14514,2022-02-25 09:05:06.033501,52.525943,13.447811
13410,2022-02-25 09:05:06.033501,52.540371,13.390627
14461,2022-02-25 09:05:06.033501,52.47989,13.371418
18993,2022-02-25 09:05:06.033501,52.516733,13.381264
13190,2022-02-25 09:05:06.033501,52.502784,13.468002
15922,2022-02-25 09:05:06.033501,52.429615,13.467793
15232,2022-02-25 09:05:06.033501,52.502409,13.340925
15002,2022-02-25 09:05:06.033501,52.540108,13.391209
13589,2022-02-25 09:05:06.033501,52.490076,13.336325
15299,2022-02-25 09:05:06.033501,52.512549,13.433853
13433,2022-02-25 09:05:06.033501,52.489926,13.386024
14340,2022-02-25 09:05:06.033501,52.504342,13.387174
15960,2022-02-25 09:05:06.033501,52.503007,13.287663
13297,2022-02-25 09:05:06.033501,52.51744,13.431412
13486,2022-02-25 09:05:06.033501,52.523026,13.384312
15367,2022-02-25 09:05:06.033501,52.486726,13.328116
13020,2022-02-25 09:05:06.033501,52.482277,13.433198
19127,2022-02-25 09:05:06.033501,52.508782,13.375272
14701,2022-02-25 09:05:06.033501,52.489742,13.389595
15857,2022-02-25 09:05:06.033501,52.513027,13.462211
14880,2022-02-25 09:05:06.033501,52.524229,13.440953
15217,2022-02-25 09:05:06.033501,52.507428,13.384237
13875,2022-02-25 09:05:06.033501,52.464309,13.435834
16240,2022-02-25 09:05:06.033501,52.490192,13.316582
15861,2022-02-25 09:05:06.033501,52.534669,13.398059
14890,2022-02-25 09:05:06.033501,52.491635,13.323391
17313,2022-02-25 09:05:06.033501,52.521876,13.285218
15380,2022-02-25 09:05:06.033501,52.499724,13.42868
15308,2022-02-25 09:05:06.033501,52.49374,13.44033
14736,2022-02-25 09:05:06.033501,52.50199,13.329076
13750,2022-02-25 09:05:06.033501,52.542655,13.359475
14807,2022-02-25 09:05:06.033501,52.516391,13.38131
13262,2022-02-25 09:05:06.033501,52.519082,13.437076
13702,2022-02-25 09:05:06.033501,52.498167,13.450161
13783,2022-02-25 09:05:06.033501,52.555542,13.385504
14628,2022-02-25 09:05:06.033501,52.583064,13.403251
13058,2022-02-25 09:05:06.033501,52.495524,13.366908
14308,2022-02-25 09:05:06.033501,52.516351,13.381288
18372,2022-02-25 09:05:06.033501,52.473862,13.449204
13832,2022-02-25 09:05:06.033501,52.487541,13.42063
13568,2022-02-25 09:05:06.033501,52.508735,13.376908
16241,2022-02-25 09:05:06.033501,52.499667,13.426413
13639,2022-02-25 09:05:06.033501,52.472879,13.450286
16056,2022-02-25 09:05:06.033501,52.525304,13.415154
16083,2022-02-25 09:05:06.033501,52.509765,13.383615
15278,2022-02-25 09:05:06.033501,52.492121,13.390827
15912,2022-02-25 09:05:06.033501,52.478339,13.438949
16256,2022-02-25 09:05:06.033501,52.517617,13.374823
15344,2022-02-25 09:05:06.033501,52.485115,13.424359
14694,2022-02-25 09:05:06.033501,52.526306,13.36805
16162,2022-02-25 09:05:06.033501,52.525624,13.337744
14545,2022-02-25 09:05:06.033501,52.486681,13.437596
13238,2022-02-25 09:05:06.033501,52.480944,13.435344
16804,2022-02-25 09:05:06.033501,52.541756,13.36902
14062,2022-02-25 09:05:06.033501,52.523405,13.40247
14999,2022-02-25 09:05:06.033501,52.51653,13.379617
16046,2022-02-25 09:05:06.033501,52.485393,13.45375
16276,2022-02-25 09:05:06.033501,52.513123,13.414642
13737,2022-02-25 09:05:06.033501,52.539298,13.384298
15170,2022-02-25 09:05:06.033501,52.515584,13.365042
13007,2022-02-25 09:05:06.033501,52.48741,13.436167
13352,2022-02-25 09:05:06.033501,52.542518,13.419538
13143,2022-02-25 09:05:06.033501,52.51626,13.378652
14994,2022-02-25 09:05:06.033501,52.516604,13.380155
13715,2022-02-25 09:05:06.033501,52.500665,13.374027
16215,2022-02-25 09:05:06.033501,52.48586,13.442142
18487,2022-02-25 09:05:06.033501,52.504307,13.379668
14743,2022-02-25 09:05:06.033501,52.539752,13.391321
13597,2022-02-25 09:05:06.033501,52.516366,13.378713
14482,2022-02-25 09:05:06.033501,52.52322,13.382772
14041,2022-02-25 09:05:06.033501,52.524161,13.339666
14094,2022-02-25 09:05:06.033501,52.488842,13.35341
16191,2022-02-25 09:05:06.033501,52.512878,13.330048
15201,2022-02-25 09:05:06.033501,52.498261,13.431326
13108,2022-02-25 09:05:06.033501,52.483772,13.396376
16054,2022-02-25 09:05:06.033501,52.499484,13.426079
14322,2022-02-25 09:05:06.033501,52.467663,13.487032
14432,2022-02-25 09:05:06.033501,52.542754,13.370111
14247,2022-02-25 09:05:06.033501,52.492161,13.412632
14142,2022-02-25 09:05:06.033501,52.506714,13.331101
13991,2022-02-25 09:05:06.033501,52.511124,13.322716
16291,2022-02-25 09:05:06.033501,52.490217,13.355018
13526,2022-02-25 09:05:06.033501,52.495067,13.405634
13165,2022-02-25 09:05:06.033501,52.529736,13.407354
14381,2022-02-25 09:05:06.033501,52.485269,13.448384
15003,2022-02-25 09:05:06.033501,52.51657,13.380703
13457,2022-02-25 09:05:06.033501,52.489899,13.370476
13972,2022-02-25 09:05:06.033501,52.460548,13.375298
13024,2022-02-25 09:05:06.033501,52.503668,13.419271
14614,2022-02-25 09:05:06.033501,52.489953,13.38832
13214,2022-02-25 09:05:06.033501,52.533614,13.352794
15393,2022-02-25 09:05:06.033501,52.551923,13.42084
16077,2022-02-25 09:05:06.033501,52.525133,13.405909
18628,2022-02-25 09:05:06.033501,52.528556,13.393596
14503,2022-02-25 09:05:06.033501,52.489154,13.454269
13758,2022-02-25 09:05:06.033501,52.534719,13.382691
14056,2022-02-25 09:05:06.033501,52.527411,13.36209
14358,2022-02-25 09:05:06.033501,52.477599,13.422105
16249,2022-02-25 09:05:06.033501,52.513733,13.476363
16230,2022-02-25 09:05:06.033501,52.489492,13.391712
13082,2022-02-25 09:05:06.033501,52.516467,13.386198
14940,2022-02-25 09:05:06.033501,52.467677,13.487132
15834,2022-02-25 09:05:06.033501,52.497194,13.354771
15329,2022-02-25 09:05:06.033501,52.518425,13.397957
16002,2022-02-25 09:05:06.033501,52.507695,13.372757
15131,2022-02-25 09:05:06.033501,52.502411,13.325529
14265,2022-02-25 09:05:06.033501,52.518419,13.357394
16102,2022-02-25 09:05:06.033501,52.494851,13.428771
15261,2022-02-25 09:05:06.033501,52.523621,13.387865
13393,2022-02-25 09:05:06.033501,52.52359,13.387888
13687,2022-02-25 09:05:06.033501,52.48788,13.386898
14091,2022-02-25 09:05:06.033501,52.526941,13.385178
14269,2022-02-25 09:05:06.033501,52.505747,13.334232
13911,2022-02-25 09:05:06.033501,52.523486,13.373919
14650,2022-02-25 09:05:06.033501,52.475229,13.427396
14800,2022-02-25 09:05:06.033501,52.521454,13.375063
19113,2022-02-25 09:05:06.033501,52.488627,13.339397
15292,2022-02-25 09:05:06.033501,52.530021,13.401083
16179,2022-02-25 09:05:06.033501,52.480547,13.350975
15075,2022-02-25 09:05:06.033501,52.477588,13.425549
15464,2022-02-25 09:05:06.033501,52.494262,13.294391
13414,2022-02-25 09:05:06.033501,52.471761,13.442977
13366,2022-02-25 09:05:06.033501,52.492012,13.441018
15948,2022-02-25 09:05:06.033501,52.517582,13.431449
15391,2022-02-25 09:05:06.033501,52.498034,13.391665
16984,2022-02-25 09:05:06.033501,52.52096,13.446423
16195,2022-02-25 09:05:06.033501,52.523323,13.446641
13086,2022-02-25 09:05:06.033501,52.501073,13.461166
14582,2022-02-25 09:05:06.033501,52.524391,13.336306
13818,2022-02-25 09:05:06.033501,52.529007,13.430768
17582,2022-02-25 09:05:06.033501,52.516764,13.453547
14897,2022-02-25 09:05:06.033501,52.54066,13.419415
16103,2022-02-25 09:05:06.033501,52.516449,13.377278
18934,2022-02-25 09:05:06.033501,52.54432,13.360103
14660,2022-02-25 09:05:06.033501,52.519534,13.46443
13933,2022-02-25 09:05:06.033501,52.574585,13.428751
19222,2022-02-25 09:05:06.033501,52.519769,13.295138
19134,2022-02-25 09:05:06.033501,52.516049,13.376797
16510,2022-02-25 09:05:06.033501,52.513427,13.391158
14072,2022-02-25 09:05:06.033501,52.509576,13.331199
15109,2022-02-25 09:05:06.033501,52.517626,13.287836
14682,2022-02-25 09:05:06.033501,52.519238,13.313967
14035,2022-02-25 09:05:06.033501,52.495493,13.423937
14481,2022-02-25 09:05:06.033501,52.500558,13.396134
19164,2022-02-25 09:05:06.033501,52.512947,13.43242
15914,2022-02-25 09:05:06.033501,52.484717,13.45489
15389,2022-02-25 09:05:06.033501,52.528629,13.390679
15941,2022-02-25 09:05:06.033501,52.499334,13.425009
16080,2022-02-25 09:05:06.033501,52.480788,13.44121
16363,2022-02-25 09:05:06.033501,52.4827,13.436708
13343,2022-02-25 09:05:06.033501,52.542381,13.610172
17080,2022-02-25 09:05:06.033501,52.495973,13.294613
15441,2022-02-25 09:05:06.033501,52.490378,13.455739
14792,2022-02-25 09:05:06.033501,52.515319,13.351589
19383,2022-02-25 09:05:06.033501,52.506991,13.378322
15176,2022-02-25 09:05:06.033501,52.50856,13.331096
15476,2022-02-25 09:05:06.033501,52.512702,13.382471
15534,2022-02-25 09:05:06.033501,52.485978,13.374613
19201,2022-02-25 09:05:06.033501,52.483751,13.432834
17099,2022-02-25 09:05:06.033501,52.505262,13.397503
19161,2022-02-25 09:05:06.033501,52.510871,13.451626
19323,2022-02-25 09:05:06.033501,52.506182,13.373472
13828,2022-02-25 09:05:06.033501,52.490609,13.319487
17238,2022-02-25 09:05:06.033501,52.521956,13.403453
13051,2022-02-25 09:05:06.033501,52.515293,13.397853
19241,2022-02-25 09:05:06.033501,52.538467,13.399511
15405,2022-02-25 09:05:06.033501,52.527431,13.326858
15483,2022-02-25 09:05:06.033501,52.491404,13.457802
15092,2022-02-25 09:05:06.033501,52.519142,13.415097
18931,2022-02-25 09:05:06.033501,52.496151,13.405656
15183,2022-02-25 09:05:06.033501,52.494084,13.294503
15199,2022-02-25 09:05:06.033501,52.510271,13.378701
15472,2022-02-25 09:05:06.033501,52.524333,13.339659
16498,2022-02-25 09:05:06.033501,52.517538,13.463496
15681,2022-02-25 09:05:06.033501,52.507902,13.303242
18812,2022-02-25 09:05:06.033501,52.500222,13.437098
16816,2022-02-25 09:05:06.033501,52.534524,13.401444
18962,2022-02-25 09:05:06.033501,52.479622,13.45096
19369,2022-02-25 09:05:06.033501,52.524062,13.381999
18231,2022-02-25 09:05:06.033501,52.531916,13.396371
19330,2022-02-25 09:05:06.033501,52.498133,13.435351
16613,2022-02-25 09:05:06.033501,52.517018,13.399637
19246,2022-02-25 09:05:06.033501,52.488524,13.422917
17981,2022-02-25 09:05:06.033501,52.455258,13.322406
18978,2022-02-25 09:05:06.033501,52.493107,13.395451
15431,2022-02-25 09:05:06.033501,52.496804,13.419014
19238,2022-02-25 09:05:06.033501,52.524364,13.329992
17419,2022-02-25 09:05:06.033501,52.520787,13.327441
15179,2022-02-25 09:05:06.033501,52.523013,13.314229
15178,2022-02-25 09:05:06.033501,52.547476,13.357382
15558,2022-02-25 09:05:06.033501,52.491098,13.392578
19015,2022-02-25 09:05:06.033501,52.482387,13.406938
17626,2022-02-25 09:05:06.033501,52.494427,13.303202
15451,2022-02-25 09:05:06.033501,52.51332,13.474923
15449,2022-02-25 09:05:06.033501,52.5096,13.373032
18965,2022-02-25 09:05:06.033501,52.505013,13.339079
19259,2022-02-25 09:05:06.033501,52.509204,13.374129
16724,2022-02-25 09:05:06.033501,52.498542,13.359003
18500,2022-02-25 09:05:06.033501,52.503862,13.417751
18988,2022-02-25 09:05:06.033501,52.484129,13.323287
19160,2022-02-25 09:05:06.033501,52.508547,13.377991
19154,2022-02-25 09:05:06.033501,52.5114,13.433928
13025,2022-02-25 09:05:06.033501,52.518194,13.42965
15481,2022-02-25 09:05:06.033501,52.51368,13.452809
17840,2022-02-25 09:05:06.033501,52.483822,13.394576
18502,2022-02-25 09:05:06.033501,52.494542,13.433954
15500,2022-02-25 09:05:06.033501,52.4918,13.432831
18967,2022-02-25 09:05:06.033501,52.522173,13.386186
19117,2022-02-25 09:05:06.033501,52.477858,13.438132
13844,2022-02-25 09:05:06.033501,52.525455,13.324438
19140,2022-02-25 09:05:06.033501,52.537547,13.408854
19363,2022-02-25 09:05:06.033501,52.490049,13.449194
15457,2022-02-25 09:05:06.033501,52.531582,13.328188
18151,2022-02-25 09:05:06.033501,52.527444,13.362791
17082,2022-02-25 09:05:06.033501,52.516689,13.439016
15528,2022-02-25 09:05:06.033501,52.520938,13.394562
18955,2022-02-25 09:05:06.033501,52.525293,13.339272
18990,2022-02-25 09:05:06.033501,52.480396,13.333852
19153,2022-02-25 09:05:06.033501,52.524836,13.407516
18938,2022-02-25 09:05:06.033501,52.491347,13.422647
17465,2022-02-25 09:05:06.033501,52.51844,13.401966
14393,2022-02-25 09:05:06.033501,52.507569,13.303222
18986,2022-02-25 09:05:06.033501,52.503173,13.410333
17257,2022-02-25 09:05:06.033501,52.524587,13.413196
19392,2022-02-25 09:05:06.033501,52.477964,13.443589
19297,2022-02-25 09:05:06.033501,52.504827,13.407129
18135,2022-02-25 09:05:06.033501,52.513151,13.423798
17281,2022-02-25 09:05:06.033501,52.517902,13.37726
16908,2022-02-25 09:05:06.033501,52.525462,13.390807
19008,2022-02-25 09:05:06.033501,52.502684,13.413117
19301,2022-02-25 09:05:06.033501,52.512467,13.394926
13974,2022-02-25 09:05:06.033501,52.510733,13.326811
15578,2022-02-25 09:05:06.033501,52.513636,13.467289
19354,2022-02-25 09:05:06.033501,52.473862,13.448752
15488,2022-02-25 09:05:06.033501,52.516027,13.311633
19251,2022-02-25 09:05:06.033501,52.55036,13.350911
15460,2022-02-25 09:05:06.033501,52.511044,13.378251
19045,2022-02-25 09:05:06.033501,52.482267,13.434298
18983,2022-02-25 09:05:06.033501,52.502556,13.380792
15197,2022-02-25 09:05:06.033501,52.498533,13.384702
15499,2022-02-25 09:05:06.033501,52.498307,13.442188
15775,2022-02-25 09:05:06.033501,52.491413,13.450316
18929,2022-02-25 09:05:06.033501,52.496218,13.442639
15470,2022-02-25 09:05:06.033501,52.506716,13.345603
18277,2022-02-25 09:05:06.033501,52.499382,13.351594
19118,2022-02-25 09:05:06.033501,52.512338,13.395146
13080,2022-02-25 09:05:06.033501,52.506666,13.417657
16970,2022-02-25 09:05:06.033501,52.517676,13.338709
14392,2022-02-25 09:05:06.033501,52.525862,13.427126
17158,2022-02-25 09:05:06.033501,52.524982,13.407286
15484,2022-02-25 09:05:06.033501,52.485636,13.429928
17950,2022-02-25 09:05:06.033501,52.511898,13.465289
16009,2022-02-25 09:05:06.033501,52.501927,13.428449
13536,2022-02-25 09:05:06.033501,52.520529,13.327777
18949,2022-02-25 09:05:06.033501,52.499147,13.411557
18930,2022-02-25 09:05:06.033501,52.477524,13.365112
16424,2022-02-25 09:05:06.033501,52.521836,13.410023
19345,2022-02-25 09:05:06.033501,52.496111,13.429368
13404,2022-02-25 09:05:06.033501,52.503637,13.38298
14607,2022-02-25 09:05:06.033501,52.504113,13.317248
18354,2022-02-25 09:05:06.033501,52.517369,13.337616
14483,2022-02-25 09:05:06.033501,52.49101,13.368878
18525,2022-02-25 09:05:06.033501,52.496271,13.421014
16411,2022-02-25 09:05:06.033501,52.511164,13.395654
18037,2022-02-25 09:05:06.033501,52.507147,13.461033
17231,2022-02-25 09:05:06.033501,52.487249,13.420941
18062,2022-02-25 09:05:06.033501,52.489236,13.422128
18324,2022-02-25 09:05:06.033501,52.500293,13.361578
18656,2022-02-25 09:05:06.033501,52.499578,13.294181
17804,2022-02-25 09:05:06.033501,52.504467,13.468493
17388,2022-02-25 09:05:06.033501,52.510507,13.350713
16711,2022-02-25 09:05:06.033501,52.485071,13.437948
18370,2022-02-25 09:05:06.033501,52.522089,13.393787
18709,2022-02-25 09:05:06.033501,52.524249,13.410002
17502,2022-02-25 09:05:06.033501,52.541511,13.386983
17631,2022-02-25 09:05:06.033501,52.500813,13.325197
17828,2022-02-25 09:05:06.033501,52.5068,13.298837
16481,2022-02-25 09:05:06.033501,52.530769,13.429653
